0.000000000000000000e+00
0.000000000000000000e+00
0.000000000000000000e+00
0.000000000000000000e+00
0.000000000000000000e+00
0.000000000000000000e+00
0.000000000000000000e+00
0.000000000000000000e+00
0.000000000000000000e+00
0.000000000000000000e+00
0.000000000000000000e+00
0.000000000000000000e+00
0.000000000000000000e+00
0.000000000000000000e+00
0.000000000000000000e+00
0.000000000000000000e+00
0.000000000000000000e+00
0.000000000000000000e+00
0.000000000000000000e+00
0.000000000000000000e+00
0.000000000000000000e+00
0.000000000000000000e+00
0.000000000000000000e+00
0.000000000000000000e+00
0.000000000000000000e+00
0.000000000000000000e+00
0.000000000000000000e+00
0.000000000000000000e+00
0.000000000000000000e+00
0.000000000000000000e+00
0.000000000000000000e+00
0.000000000000000000e+00
0.000000000000000000e+00
0.000000000000000000e+00
0.000000000000000000e+00
0.000000000000000000e+00
0.000000000000000000e+00
0.000000000000000000e+00
0.000000000000000000e+00
0.000000000000000000e+00
0.000000000000000000e+00
0.000000000000000000e+00
0.000000000000000000e+00
0.000000000000000000e+00
0.000000000000000000e+00
0.000000000000000000e+00
0.000000000000000000e+00
0.000000000000000000e+00
0.000000000000000000e+00
0.000000000000000000e+00
0.000000000000000000e+00
0.000000000000000000e+00
0.000000000000000000e+00
0.000000000000000000e+00
0.000000000000000000e+00
0.000000000000000000e+00
0.000000000000000000e+00
0.000000000000000000e+00
0.000000000000000000e+00
0.000000000000000000e+00
0.000000000000000000e+00
0.000000000000000000e+00
0.000000000000000000e+00
0.000000000000000000e+00
0.000000000000000000e+00
0.000000000000000000e+00
0.000000000000000000e+00
0.000000000000000000e+00
0.000000000000000000e+00
0.000000000000000000e+00
0.000000000000000000e+00
0.000000000000000000e+00
0.000000000000000000e+00
0.000000000000000000e+00
0.000000000000000000e+00
0.000000000000000000e+00
0.000000000000000000e+00
0.000000000000000000e+00
0.000000000000000000e+00
0.000000000000000000e+00
0.000000000000000000e+00
0.000000000000000000e+00
0.000000000000000000e+00
0.000000000000000000e+00
0.000000000000000000e+00
0.000000000000000000e+00
0.000000000000000000e+00
0.000000000000000000e+00
0.000000000000000000e+00
0.000000000000000000e+00
0.000000000000000000e+00
0.000000000000000000e+00
0.000000000000000000e+00
0.000000000000000000e+00
0.000000000000000000e+00
0.000000000000000000e+00
0.000000000000000000e+00
0.000000000000000000e+00
0.000000000000000000e+00
0.000000000000000000e+00
0.000000000000000000e+00
0.000000000000000000e+00
0.000000000000000000e+00
0.000000000000000000e+00
0.000000000000000000e+00
0.000000000000000000e+00
0.000000000000000000e+00
0.000000000000000000e+00
0.000000000000000000e+00
0.000000000000000000e+00
0.000000000000000000e+00
0.000000000000000000e+00
0.000000000000000000e+00
0.000000000000000000e+00
0.000000000000000000e+00
0.000000000000000000e+00
0.000000000000000000e+00
0.000000000000000000e+00
0.000000000000000000e+00
0.000000000000000000e+00
0.000000000000000000e+00
0.000000000000000000e+00
0.000000000000000000e+00
0.000000000000000000e+00
0.000000000000000000e+00
0.000000000000000000e+00
0.000000000000000000e+00
0.000000000000000000e+00
0.000000000000000000e+00
0.000000000000000000e+00
0.000000000000000000e+00
0.000000000000000000e+00
0.000000000000000000e+00
0.000000000000000000e+00
0.000000000000000000e+00
0.000000000000000000e+00
0.000000000000000000e+00
0.000000000000000000e+00
0.000000000000000000e+00
0.000000000000000000e+00
0.000000000000000000e+00
0.000000000000000000e+00
0.000000000000000000e+00
0.000000000000000000e+00
0.000000000000000000e+00
0.000000000000000000e+00
0.000000000000000000e+00
0.000000000000000000e+00
0.000000000000000000e+00
0.000000000000000000e+00
0.000000000000000000e+00
0.000000000000000000e+00
0.000000000000000000e+00
0.000000000000000000e+00
0.000000000000000000e+00
0.000000000000000000e+00
0.000000000000000000e+00
0.000000000000000000e+00
0.000000000000000000e+00
0.000000000000000000e+00
0.000000000000000000e+00
9.900000000000000000e+01
1.130000000000000000e+02
6.500000000000000000e+01
1.070000000000000000e+02
1.150000000000000000e+02
2.060000000000000000e+02
1.700000000000000000e+02
0.000000000000000000e+00
1.108000000000000000e+03
1.750000000000000000e+02
3.030000000000000000e+02
2.820000000000000000e+02
2.930000000000000000e+02
3.540000000000000000e+02
3.920000000000000000e+02
6.440000000000000000e+02
6.720000000000000000e+02
5.530000000000000000e+02
4.530000000000000000e+02
4.590000000000000000e+02
6.810000000000000000e+02
8.640000000000000000e+02
9.960000000000000000e+02
9.640000000000000000e+02
1.091000000000000000e+03
1.092000000000000000e+03
6.650000000000000000e+02
2.890000000000000000e+02
6.160000000000000000e+02
8.300000000000000000e+02
7.670000000000000000e+02
1.188000000000000000e+03
8.540000000000000000e+02
7.590000000000000000e+02
1.095000000000000000e+03
8.980000000000000000e+02
8.060000000000000000e+02
1.219000000000000000e+03
1.344000000000000000e+03
1.188000000000000000e+03
1.202000000000000000e+03
1.293000000000000000e+03
1.111000000000000000e+03
3.350000000000000000e+02
9.200000000000000000e+01
7.000000000000000000e+00
7.200000000000000000e+01
7.880000000000000000e+02
1.025000000000000000e+03
9.310000000000000000e+02
5.750000000000000000e+02
8.660000000000000000e+02
1.111000000000000000e+03
1.266000000000000000e+03
6.290000000000000000e+02
3.120000000000000000e+02
2.340000000000000000e+02
2.170000000000000000e+02
3.510000000000000000e+02
1.122000000000000000e+03
1.067000000000000000e+03
7.410000000000000000e+02
9.130000000000000000e+02
8.760000000000000000e+02
5.790000000000000000e+02
6.700000000000000000e+02
5.010000000000000000e+02
5.900000000000000000e+02
6.340000000000000000e+02
5.140000000000000000e+02
6.320000000000000000e+02
6.050000000000000000e+02
6.570000000000000000e+02
5.240000000000000000e+02
1.051000000000000000e+03
1.257000000000000000e+03
7.760000000000000000e+02
7.900000000000000000e+02
8.810000000000000000e+02
8.310000000000000000e+02
9.030000000000000000e+02
1.170000000000000000e+03
1.033000000000000000e+03
1.278000000000000000e+03
1.000000000000000000e+03
1.261000000000000000e+03
8.150000000000000000e+02
7.500000000000000000e+02
1.081000000000000000e+03
1.233000000000000000e+03
7.320000000000000000e+02
7.700000000000000000e+02
8.610000000000000000e+02
1.092000000000000000e+03
8.880000000000000000e+02
1.043000000000000000e+03
6.360000000000000000e+02
8.490000000000000000e+02
8.130000000000000000e+02
4.890000000000000000e+02
4.520000000000000000e+02
6.890000000000000000e+02
4.200000000000000000e+02
4.300000000000000000e+02
3.650000000000000000e+02
3.580000000000000000e+02
3.880000000000000000e+02
5.340000000000000000e+02
7.000000000000000000e+02
7.100000000000000000e+02
7.590000000000000000e+02
6.410000000000000000e+02
4.620000000000000000e+02
4.470000000000000000e+02
4.470000000000000000e+02
5.520000000000000000e+02
4.990000000000000000e+02
5.410000000000000000e+02
7.980000000000000000e+02
8.530000000000000000e+02
1.152000000000000000e+03
1.475000000000000000e+03
1.110000000000000000e+03
8.920000000000000000e+02
8.100000000000000000e+02
6.340000000000000000e+02
6.420000000000000000e+02
5.490000000000000000e+02
6.460000000000000000e+02
6.800000000000000000e+02
6.730000000000000000e+02
1.192000000000000000e+03
9.650000000000000000e+02
8.600000000000000000e+02
9.300000000000000000e+02
8.370000000000000000e+02
1.099000000000000000e+03
1.206000000000000000e+03
8.540000000000000000e+02
9.980000000000000000e+02
1.007000000000000000e+03
1.290000000000000000e+03
9.070000000000000000e+02
7.660000000000000000e+02
8.420000000000000000e+02
7.970000000000000000e+02
1.483000000000000000e+03
1.183000000000000000e+03
1.120000000000000000e+03
9.420000000000000000e+02
1.050000000000000000e+03
9.000000000000000000e+02
1.461000000000000000e+03
9.310000000000000000e+02
9.990000000000000000e+02
1.171000000000000000e+03
1.090000000000000000e+03
9.670000000000000000e+02
9.660000000000000000e+02
7.680000000000000000e+02
1.129000000000000000e+03
8.420000000000000000e+02
8.550000000000000000e+02
1.014000000000000000e+03
6.650000000000000000e+02
6.570000000000000000e+02
5.190000000000000000e+02
5.870000000000000000e+02
7.230000000000000000e+02
1.257000000000000000e+03
1.170000000000000000e+03
9.090000000000000000e+02
7.000000000000000000e+02
6.150000000000000000e+02
4.420000000000000000e+02
3.350000000000000000e+02
3.390000000000000000e+02
3.140000000000000000e+02
2.890000000000000000e+02
2.670000000000000000e+02
2.880000000000000000e+02
2.620000000000000000e+02
3.170000000000000000e+02
2.590000000000000000e+02
2.520000000000000000e+02
2.350000000000000000e+02
1.910000000000000000e+02
2.280000000000000000e+02
2.130000000000000000e+02
2.150000000000000000e+02
2.400000000000000000e+02
2.220000000000000000e+02
2.650000000000000000e+02
3.380000000000000000e+02
3.790000000000000000e+02
4.900000000000000000e+02
7.730000000000000000e+02
1.256000000000000000e+03
1.150000000000000000e+03
1.249000000000000000e+03
1.207000000000000000e+03
8.460000000000000000e+02
9.620000000000000000e+02
8.570000000000000000e+02
8.570000000000000000e+02
9.880000000000000000e+02
1.125000000000000000e+03
1.506000000000000000e+03
1.320000000000000000e+03
1.066000000000000000e+03
7.370000000000000000e+02
7.840000000000000000e+02
6.810000000000000000e+02
7.100000000000000000e+02
9.650000000000000000e+02
1.285000000000000000e+03
1.018000000000000000e+03
1.361000000000000000e+03
1.356000000000000000e+03
1.445000000000000000e+03
1.445000000000000000e+03
1.405000000000000000e+03
1.275000000000000000e+03
1.210000000000000000e+03
1.094000000000000000e+03
1.453000000000000000e+03
1.585000000000000000e+03
1.151000000000000000e+03
1.073000000000000000e+03
8.840000000000000000e+02
1.060000000000000000e+03
1.422000000000000000e+03
9.320000000000000000e+02
1.072000000000000000e+03
8.940000000000000000e+02
1.072000000000000000e+03
1.647000000000000000e+03
1.119000000000000000e+03
1.080000000000000000e+03
1.212000000000000000e+03
9.460000000000000000e+02
7.410000000000000000e+02
6.380000000000000000e+02
1.142000000000000000e+03
1.111000000000000000e+03
8.690000000000000000e+02
8.120000000000000000e+02
9.170000000000000000e+02
9.950000000000000000e+02
9.310000000000000000e+02
1.134000000000000000e+03
8.420000000000000000e+02
8.240000000000000000e+02
8.620000000000000000e+02
9.610000000000000000e+02
9.580000000000000000e+02
1.401000000000000000e+03
1.372000000000000000e+03
1.410000000000000000e+03
1.463000000000000000e+03
1.154000000000000000e+03
9.290000000000000000e+02
1.092000000000000000e+03
1.379000000000000000e+03
9.700000000000000000e+02
9.850000000000000000e+02
1.014000000000000000e+03
1.164000000000000000e+03
9.060000000000000000e+02
1.132000000000000000e+03
1.581000000000000000e+03
1.328000000000000000e+03
1.174000000000000000e+03
1.243000000000000000e+03
1.349000000000000000e+03
1.361000000000000000e+03
1.053000000000000000e+03
7.190000000000000000e+02
5.980000000000000000e+02
5.520000000000000000e+02
4.980000000000000000e+02
5.630000000000000000e+02
8.960000000000000000e+02
1.033000000000000000e+03
9.520000000000000000e+02
8.530000000000000000e+02
8.150000000000000000e+02
1.390000000000000000e+03
9.390000000000000000e+02
8.370000000000000000e+02
9.070000000000000000e+02
8.360000000000000000e+02
6.580000000000000000e+02
7.650000000000000000e+02
8.970000000000000000e+02
1.006000000000000000e+03
1.165000000000000000e+03
7.830000000000000000e+02
1.132000000000000000e+03
1.261000000000000000e+03
1.148000000000000000e+03
9.060000000000000000e+02
9.300000000000000000e+02
1.605000000000000000e+03
1.737000000000000000e+03
1.241000000000000000e+03
1.152000000000000000e+03
1.295000000000000000e+03
1.008000000000000000e+03
1.344000000000000000e+03
1.087000000000000000e+03
1.296000000000000000e+03
8.810000000000000000e+02
8.420000000000000000e+02
7.660000000000000000e+02
7.640000000000000000e+02
6.790000000000000000e+02
5.390000000000000000e+02
4.190000000000000000e+02
4.280000000000000000e+02
4.240000000000000000e+02
3.670000000000000000e+02
4.050000000000000000e+02
3.330000000000000000e+02
4.270000000000000000e+02
3.900000000000000000e+02
4.020000000000000000e+02
4.660000000000000000e+02
4.280000000000000000e+02
4.860000000000000000e+02
5.010000000000000000e+02
4.180000000000000000e+02
4.230000000000000000e+02
3.580000000000000000e+02
4.970000000000000000e+02
4.620000000000000000e+02
4.460000000000000000e+02
5.170000000000000000e+02
5.040000000000000000e+02
5.570000000000000000e+02
6.590000000000000000e+02
8.020000000000000000e+02
1.030000000000000000e+03
1.137000000000000000e+03
9.520000000000000000e+02
8.170000000000000000e+02
1.336000000000000000e+03
1.388000000000000000e+03
1.044000000000000000e+03
1.546000000000000000e+03
1.260000000000000000e+03
8.180000000000000000e+02
2.420000000000000000e+02
0.000000000000000000e+00
