1.000000000000000000e+00 0.000000000000000000e+00
2.564347260922960657e-95 1.000000000000000000e+00
5.677612713370760328e-81 1.000000000000000000e+00
3.559767694659477377e-77 1.000000000000000000e+00
1.000000000000000000e+00 0.000000000000000000e+00
2.259928461816294291e-19 1.000000000000000000e+00
5.501045391483969486e-62 1.000000000000000000e+00
7.934084816314947380e-190 1.000000000000000000e+00
6.774763794235585863e-95 1.000000000000000000e+00
3.259464850555924096e-147 1.000000000000000000e+00
3.517079606204442000e-285 1.000000000000000000e+00
1.281845756363469269e-293 1.000000000000000000e+00
2.453799981087508479e-130 1.000000000000000000e+00
1.628649210716513882e-191 1.000000000000000000e+00
0.000000000000000000e+00 1.000000000000000000e+00
0.000000000000000000e+00 1.000000000000000000e+00
0.000000000000000000e+00 1.000000000000000000e+00
0.000000000000000000e+00 1.000000000000000000e+00
2.819281522754071503e-152 1.000000000000000000e+00
3.406308511701103895e-112 1.000000000000000000e+00
4.671854854261498649e-302 1.000000000000000000e+00
1.835791880726502949e-140 1.000000000000000000e+00
2.056415011923820452e-116 1.000000000000000000e+00
0.000000000000000000e+00 1.000000000000000000e+00
1.203357579014979094e-255 1.000000000000000000e+00
4.640909381496852103e-175 1.000000000000000000e+00
3.158099187115821609e-128 1.000000000000000000e+00
2.664303073718605750e-241 1.000000000000000000e+00
1.101391346102886932e-171 1.000000000000000000e+00
4.329656530236428187e-164 1.000000000000000000e+00
1.627983019688260549e-37 1.000000000000000000e+00
1.000000000000000000e+00 3.228905324711517488e-100
1.000000000000000000e+00 5.953978683323438133e-99
1.000000000000000000e+00 2.462311490837510093e-183
1.000000000000000000e+00 2.792848991490282271e-105
8.773832432477957729e-66 1.000000000000000000e+00
1.027944575222202279e-314 1.000000000000000000e+00
4.943609530591804939e-213 1.000000000000000000e+00
0.000000000000000000e+00 1.000000000000000000e+00
0.000000000000000000e+00 1.000000000000000000e+00
2.122419864731597763e-135 1.000000000000000000e+00
3.675529189063425726e-250 1.000000000000000000e+00
1.108281874445269999e-144 1.000000000000000000e+00
8.943195619388001284e-139 1.000000000000000000e+00
5.432854660912706810e-116 1.000000000000000000e+00
1.173228845455138688e-209 1.000000000000000000e+00
2.731605062019191873e-133 1.000000000000000000e+00
0.000000000000000000e+00 1.000000000000000000e+00
3.260798664366700425e-301 1.000000000000000000e+00
0.000000000000000000e+00 1.000000000000000000e+00
1.108281874445269999e-144 1.000000000000000000e+00
2.095253032332560048e-35 1.000000000000000000e+00
9.112099275485686414e-58 1.000000000000000000e+00
5.535461050661265508e-35 1.000000000000000000e+00
1.187954682440000795e-155 1.000000000000000000e+00
5.164213113374448297e-24 1.000000000000000000e+00
1.000000000000000000e+00 4.181677047317812040e-71
1.000000000000000000e+00 4.655102403713741095e-74
1.000000000000000000e+00 4.289063286651979949e-117
1.000000000000000000e+00 1.623473234655001498e-117
1.000000000000000000e+00 1.841406175858507822e-39
9.999999956025931169e-01 4.397407730828586031e-09
3.987576044499952010e-53 1.000000000000000000e+00
3.321024001628757089e-66 1.000000000000000000e+00
2.123288385503454228e-289 1.000000000000000000e+00
9.234022936905187026e-312 1.000000000000000000e+00
1.364894739538570091e-177 1.000000000000000000e+00
8.448123009403772061e-74 1.000000000000000000e+00
3.197738217461971157e-74 1.000000000000000000e+00
3.962784061166491960e-80 1.000000000000000000e+00
1.548749947586432798e-253 1.000000000000000000e+00
1.712670438306669013e-129 1.000000000000000000e+00
0.000000000000000000e+00 1.000000000000000000e+00
0.000000000000000000e+00 1.000000000000000000e+00
0.000000000000000000e+00 1.000000000000000000e+00
0.000000000000000000e+00 1.000000000000000000e+00
1.980885354178896500e-278 1.000000000000000000e+00
3.159391520828472758e-282 1.000000000000000000e+00
0.000000000000000000e+00 1.000000000000000000e+00
6.126347974802155620e-219 1.000000000000000000e+00
1.588522132441090531e-299 1.000000000000000000e+00
0.000000000000000000e+00 1.000000000000000000e+00
0.000000000000000000e+00 1.000000000000000000e+00
6.862604675348649591e-195 1.000000000000000000e+00
1.712670438306669013e-129 1.000000000000000000e+00
1.000000000000000000e+00 2.739958970309349288e-32
1.000000000000000000e+00 8.637534083839172998e-46
1.000000000000000000e+00 9.675581934164159069e-22
1.000000000000000000e+00 1.111671268201452347e-43
1.000000000000000000e+00 5.732950190146075112e-107
1.000000000000000000e+00 1.524067003809317770e-79
1.000000000000000000e+00 4.026441392996137360e-79
9.999999999999005240e-01 1.004861487960863872e-13
1.000000000000000000e+00 6.969991909278343911e-40
1.000000000000000000e+00 2.739958970309349288e-32
9.999999693075669605e-01 3.069243657096085648e-08
4.910864006836940753e-86 1.000000000000000000e+00
2.618547922958606684e-322 1.000000000000000000e+00
0.000000000000000000e+00 1.000000000000000000e+00
7.639549194848359820e-198 1.000000000000000000e+00
1.000000000000000000e+00 1.245270506017933014e-19
1.000000000000000000e+00 8.368916561327430633e-27
1.000000000000000000e+00 2.024469340248117879e-96
1.000000000000000000e+00 3.852864221846947035e-114
1.000000000000000000e+00 2.557243590456174002e-175
1.000000000000000000e+00 5.054447688583991734e-185
1.000000000000000000e+00 3.662349387268799179e-22
1.000000000000000000e+00 5.381918243423573900e-69
1.000000000000000000e+00 1.261416553586555158e-119
1.000000000000000000e+00 2.050718398674268465e-196
1.000000000000000000e+00 4.209560369872439565e-198
1.000000000000000000e+00 3.663848066474259702e-176
1.000000000000000000e+00 2.639323562542571214e-194
1.000000000000000000e+00 5.626683103049080111e-188
1.000000000000000000e+00 2.622914078426149358e-221
1.000000000000000000e+00 3.641068799275319222e-203
1.000000000000000000e+00 1.593380216939391878e-198
1.000000000000000000e+00 1.199533213412085126e-181
1.000000000000000000e+00 3.505902048926927843e-211
1.000000000000000000e+00 3.228905324711517488e-100
1.000000000000000000e+00 3.779899993948714642e-41
1.000000000000000000e+00 1.449298398169242988e-141
1.000000000000000000e+00 3.051409485688955103e-189
1.000000000000000000e+00 1.477274518910044852e-214
1.000000000000000000e+00 7.474111965506354849e-205
1.000000000000000000e+00 1.477274518910044852e-214
1.000000000000000000e+00 2.557243590456174002e-175
1.000000000000000000e+00 6.263703710621068358e-191
1.000000000000000000e+00 2.370903538693259053e-191
1.000000000000000000e+00 4.597397947345660356e-128
1.000000000000000000e+00 4.482291863967382288e-82
1.000000000000000000e+00 1.593380216939391878e-198
1.000000000000000000e+00 5.023022637011883331e-212
1.000000000000000000e+00 1.327035242746563662e-211
1.000000000000000000e+00 7.762269310465368935e-197
1.000000000000000000e+00 1.155003154979178639e-189
1.000000000000000000e+00 2.211893649510645518e-180
1.000000000000000000e+00 3.527835685437052056e-184
1.000000000000000000e+00 3.927236894034252988e-187
1.000000000000000000e+00 7.567923633050108234e-151
1.000000000000000000e+00 4.181677047317812040e-71
1.000000000000000000e+00 3.482679624475799842e-84
1.000000000000000000e+00 2.400662045866889813e-137
1.000000000000000000e+00 1.119083865632779772e-170
1.000000000000000000e+00 8.641068670893275990e-200
1.000000000000000000e+00 7.474111965506354849e-205
1.000000000000000000e+00 1.830706430418136540e-220
1.000000000000000000e+00 5.086069341672292578e-158
1.000000000000000000e+00 2.557243590456174002e-175
1.000000000000000000e+00 2.129781914413364332e-188
1.000000000000000000e+00 5.086069341672292578e-158
1.000000000000000000e+00 2.239656336590432655e-126
2.069280362625532112e-89 1.000000000000000000e+00
1.000000000000000000e+00 1.191587734891483925e-54
4.728558874527626735e-94 1.000000000000000000e+00
5.748875536133790573e-27 1.000000000000000000e+00
6.203243119279479829e-165 1.000000000000000000e+00
9.999999997615276470e-01 2.384760519183844758e-10
4.327885503452674258e-10 9.999999995672084196e-01
1.417516970263552931e-169 1.000000000000000000e+00
1.548116438962703732e-99 1.000000000000000000e+00
3.470640992610269411e-31 1.000000000000000000e+00
1.233755155968275936e-147 1.000000000000000000e+00
1.813035480692669080e-194 1.000000000000000000e+00
0.000000000000000000e+00 1.000000000000000000e+00
9.767155135131709900e-69 1.000000000000000000e+00
1.000000000000000000e+00 2.281955103134555148e-45
1.000000000000000000e+00 1.477274518910044852e-214
2.422391505351855409e-30 1.000000000000000000e+00
6.402348915839427259e-184 1.000000000000000000e+00
0.000000000000000000e+00 1.000000000000000000e+00
2.533596073743041034e-303 1.000000000000000000e+00
5.715470899179683413e-208 1.000000000000000000e+00
3.343168510252767281e-193 1.000000000000000000e+00
1.373995825024228946e-304 1.000000000000000000e+00
1.040846870061568479e-260 1.000000000000000000e+00
4.222981338714187416e-272 1.000000000000000000e+00
0.000000000000000000e+00 1.000000000000000000e+00
0.000000000000000000e+00 1.000000000000000000e+00
0.000000000000000000e+00 1.000000000000000000e+00
1.491255978352296896e-261 1.000000000000000000e+00
0.000000000000000000e+00 1.000000000000000000e+00
0.000000000000000000e+00 1.000000000000000000e+00
2.218945634312622089e-254 1.000000000000000000e+00
1.000000000000000000e+00 2.845595506907243825e-24
1.000000000000000000e+00 1.534229446145542083e-206
1.000000000000000000e+00 5.624381535732625209e-34
9.346099668764230593e-104 1.000000000000000000e+00
4.301405910047397668e-02 9.569859408995319283e-01
1.158685549337040260e-263 1.000000000000000000e+00
8.083930127815579743e-109 1.000000000000000000e+00
1.000000000000000000e+00 5.554661935431326808e-88
1.408127609039104755e-42 1.000000000000000000e+00
1.768365446064775849e-302 1.000000000000000000e+00
1.080533572623520958e-98 1.000000000000000000e+00
5.859847325188926074e-100 1.000000000000000000e+00
6.123842021997882550e-65 1.000000000000000000e+00
1.014786953566816415e-214 1.000000000000000000e+00
1.100940827337451904e-17 1.000000000000000000e+00
2.946294280854394771e-117 1.000000000000000000e+00
1.548116438962703732e-99 1.000000000000000000e+00
2.784333825902345542e-206 1.000000000000000000e+00
9.467280222791538517e-204 1.000000000000000000e+00
1.000000000000000000e+00 6.840794774689766052e-121
1.000000000000000000e+00 2.049879562302075546e-42
1.000000000000000000e+00 4.181677047317812040e-71
1.000000000000000000e+00 3.269433081620972174e-46
1.000000000000000000e+00 2.845595506907243825e-24
1.000000000000000000e+00 1.360556996060268057e-103
2.392363640698404790e-84 1.000000000000000000e+00
1.330721563868264624e-131 1.000000000000000000e+00
1.607802609680689655e-91 1.000000000000000000e+00
0.000000000000000000e+00 1.000000000000000000e+00
0.000000000000000000e+00 1.000000000000000000e+00
5.401286306986680770e-297 1.000000000000000000e+00
1.000000000000000000e+00 2.827903566843013339e-51
1.000000000000000000e+00 1.070840915414523945e-205
1.000000000000000000e+00 0.000000000000000000e+00
1.000000000000000000e+00 3.129770245168310933e-235
1.000000000000000000e+00 1.222688062719800374e-254
1.000000000000000000e+00 1.865281656378511575e-139
0.000000000000000000e+00 1.000000000000000000e+00
1.000000000000000000e+00 6.186059099153553233e-245
3.003167237204518944e-190 1.000000000000000000e+00
1.000000000000000000e+00 0.000000000000000000e+00
1.000000000000000000e+00 0.000000000000000000e+00
1.000000000000000000e+00 0.000000000000000000e+00
1.000000000000000000e+00 0.000000000000000000e+00
1.000000000000000000e+00 0.000000000000000000e+00
1.000000000000000000e+00 0.000000000000000000e+00
1.000000000000000000e+00 0.000000000000000000e+00
1.000000000000000000e+00 0.000000000000000000e+00
1.000000000000000000e+00 0.000000000000000000e+00
1.000000000000000000e+00 0.000000000000000000e+00
1.000000000000000000e+00 0.000000000000000000e+00
1.000000000000000000e+00 0.000000000000000000e+00
1.000000000000000000e+00 0.000000000000000000e+00
1.000000000000000000e+00 0.000000000000000000e+00
1.000000000000000000e+00 0.000000000000000000e+00
1.000000000000000000e+00 0.000000000000000000e+00
1.000000000000000000e+00 0.000000000000000000e+00
1.000000000000000000e+00 0.000000000000000000e+00
1.000000000000000000e+00 0.000000000000000000e+00
1.000000000000000000e+00 0.000000000000000000e+00
1.000000000000000000e+00 0.000000000000000000e+00
1.000000000000000000e+00 0.000000000000000000e+00
1.000000000000000000e+00 0.000000000000000000e+00
1.000000000000000000e+00 0.000000000000000000e+00
1.000000000000000000e+00 0.000000000000000000e+00
1.000000000000000000e+00 0.000000000000000000e+00
1.000000000000000000e+00 0.000000000000000000e+00
1.000000000000000000e+00 0.000000000000000000e+00
1.000000000000000000e+00 0.000000000000000000e+00
1.000000000000000000e+00 4.370067717419050758e-36
1.000000000000000000e+00 8.749527450360016464e-146
1.000000000000000000e+00 3.169053703468519645e-181
2.515784527542588389e-22 1.000000000000000000e+00
7.639549194848359820e-198 1.000000000000000000e+00
8.399034021419440892e-255 1.000000000000000000e+00
0.000000000000000000e+00 1.000000000000000000e+00
1.408703832480226235e-196 1.000000000000000000e+00
1.000000000000000000e+00 1.986130630701998554e-23
5.823414857042497540e-127 1.000000000000000000e+00
7.355947566945128738e-206 1.000000000000000000e+00
7.687343768913058496e-171 1.000000000000000000e+00
1.180085897893380079e-28 1.000000000000000000e+00
4.496582358502902401e-156 1.000000000000000000e+00
0.000000000000000000e+00 1.000000000000000000e+00
3.964405681997168852e-234 1.000000000000000000e+00
0.000000000000000000e+00 1.000000000000000000e+00
1.608460542629654837e-245 1.000000000000000000e+00
0.000000000000000000e+00 1.000000000000000000e+00
2.005748529789195511e-224 1.000000000000000000e+00
0.000000000000000000e+00 1.000000000000000000e+00
3.628482661127981001e-150 1.000000000000000000e+00
0.000000000000000000e+00 1.000000000000000000e+00
3.179157316975638613e-255 1.000000000000000000e+00
1.314225994543451879e-185 1.000000000000000000e+00
3.515640961925912408e-131 1.000000000000000000e+00
1.435309001123666741e-115 1.000000000000000000e+00
0.000000000000000000e+00 1.000000000000000000e+00
1.712670438306669013e-129 1.000000000000000000e+00
1.680236469970368563e-56 1.000000000000000000e+00
2.245877793408528958e-46 1.000000000000000000e+00
1.000000000000000000e+00 2.540304898141944628e-48
1.080533572623520958e-98 1.000000000000000000e+00
1.172748941911568211e-55 1.000000000000000000e+00
1.789828747730687215e-94 1.000000000000000000e+00
3.720140438369530624e-42 1.000000000000000000e+00
3.962784061166491960e-80 1.000000000000000000e+00
3.887736697406033912e-07 9.999996112263335180e-01
1.691440246571015405e-183 1.000000000000000000e+00
9.055446559445468431e-85 1.000000000000000000e+00
1.824378199532021635e-167 1.000000000000000000e+00
2.765890931315749730e-79 1.000000000000000000e+00
3.815674332292221221e-88 1.000000000000000000e+00
9.999999999097326508e-01 9.026667632952725838e-11
1.321732398065467412e-04 9.998678267601930347e-01
2.218037985409072954e-100 1.000000000000000000e+00
5.751228047953561189e-181 1.000000000000000000e+00
3.582038325608519754e-50 1.000000000000000000e+00
5.363314484402904629e-16 1.000000000000000000e+00
5.132105616491675409e-51 1.000000000000000000e+00
2.484598966856436960e-76 1.000000000000000000e+00
3.117675728621314886e-28 1.000000000000000000e+00
1.202865351458665378e-101 1.000000000000000000e+00
1.567547695193753774e-45 1.000000000000000000e+00
3.628482661127981001e-150 1.000000000000000000e+00
6.859797560339006906e-41 1.000000000000000000e+00
1.930499498800041656e-78 1.000000000000000000e+00
1.000000000000000000e+00 6.883592178594985613e-94
1.000000000000000000e+00 2.846759960201469306e-178
1.000000000000000000e+00 6.798263455377793327e-148
1.000000000000000000e+00 7.810831646537792546e-170
1.000000000000000000e+00 9.679541303386512895e-176
1.000000000000000000e+00 4.371856003818691837e-190
1.000000000000000000e+00 2.741080195810751341e-186
1.000000000000000000e+00 3.902820057707946901e-214
1.000000000000000000e+00 4.053289607919914628e-206
1.000000000000000000e+00 1.486516648858109262e-187
1.000000000000000000e+00 1.245780086293064613e-173
1.000000000000000000e+00 2.741080195810751341e-186
1.000000000000000000e+00 6.031177350265467878e-199
1.000000000000000000e+00 2.282888907721531191e-199
1.000000000000000000e+00 8.641068670893275990e-200
1.000000000000000000e+00 3.951806487056100524e-160
1.000000000000000000e+00 1.245780086293064613e-173
1.000000000000000000e+00 3.927236894034252988e-187
1.000000000000000000e+00 5.315204208039743280e-123
1.000000000000000000e+00 3.852864221846947035e-114
1.000000000000000000e+00 1.751069352186752789e-101
1.000000000000000000e+00 2.253668082299653847e-99
1.000000000000000000e+00 3.733044510361119989e-95
1.000000000000000000e+00 3.031197533024099202e-62
2.484598966856436960e-76 1.000000000000000000e+00
2.470161860683490204e-257 1.000000000000000000e+00
1.040421116721078404e-106 1.000000000000000000e+00
1.000000000000000000e+00 2.936930724501655760e-43
1.000000000000000000e+00 2.062704025899468509e-15
6.200705712512103423e-11 9.999999999379980409e-01
1.046930202904806780e-79 1.000000000000000000e+00
5.572371372572255506e-162 1.000000000000000000e+00
4.249401169146599938e-245 1.000000000000000000e+00
9.767155135131709900e-69 1.000000000000000000e+00
1.000000000000000000e+00 2.355199127234067526e-64
1.000000000000000000e+00 1.675581934148748879e-136
1.000000000000000000e+00 8.428167797803575549e-308
1.000000000000000000e+00 6.305468339140783308e-318
1.000000000000000000e+00 5.556934972617209650e-242
6.320399277676496496e-84 1.000000000000000000e+00
6.010329287373427470e-146 1.000000000000000000e+00
2.108361317139949365e-08 9.999999789163924735e-01
1.408127609039104755e-42 1.000000000000000000e+00
2.163389394869675907e-208 1.000000000000000000e+00
1.210390721824791937e-74 1.000000000000000000e+00
2.135698155221526984e-108 1.000000000000000000e+00
6.646465629285980678e-22 1.000000000000000000e+00
1.992462835246045215e-97 1.000000000000000000e+00
7.983722065144918863e-163 1.000000000000000000e+00
1.180568803811157909e-182 1.000000000000000000e+00
1.217963172440135922e-47 1.000000000000000000e+00
2.484598966856436960e-76 1.000000000000000000e+00
5.501045391483969486e-62 1.000000000000000000e+00
1.000000000000000000e+00 5.624381535732625209e-34
0.000000000000000000e+00 1.000000000000000000e+00
0.000000000000000000e+00 1.000000000000000000e+00
2.439541836684016011e-311 1.000000000000000000e+00
1.067576010029579879e-306 1.000000000000000000e+00
1.108735397260035748e-298 1.000000000000000000e+00
0.000000000000000000e+00 1.000000000000000000e+00
0.000000000000000000e+00 1.000000000000000000e+00
0.000000000000000000e+00 1.000000000000000000e+00
1.723385253019462245e-102 1.000000000000000000e+00
2.423382778271222300e-184 1.000000000000000000e+00
0.000000000000000000e+00 1.000000000000000000e+00
2.983274831966892332e-63 1.000000000000000000e+00
9.055446559445468431e-85 1.000000000000000000e+00
3.768375391493420735e-142 1.000000000000000000e+00
1.281845756363469269e-293 1.000000000000000000e+00
0.000000000000000000e+00 1.000000000000000000e+00
7.261791929790778716e-106 1.000000000000000000e+00
2.663213253521242319e-87 1.000000000000000000e+00
0.000000000000000000e+00 1.000000000000000000e+00
0.000000000000000000e+00 1.000000000000000000e+00
1.241981805846519010e-274 1.000000000000000000e+00
0.000000000000000000e+00 1.000000000000000000e+00
6.693522055758521592e-303 1.000000000000000000e+00
0.000000000000000000e+00 1.000000000000000000e+00
1.463015081505458940e-188 1.000000000000000000e+00
2.135698155221526984e-108 1.000000000000000000e+00
2.564347260922960657e-95 1.000000000000000000e+00
4.524713892580008585e-129 1.000000000000000000e+00
9.385862801960916935e-01 6.141371980391040902e-02
1.000000000000000000e+00 9.924052666238022826e-68
1.000000000000000000e+00 1.458365503814009761e-114
9.758315534249800693e-01 2.416844657502384419e-02
3.177856898160349995e-101 1.000000000000000000e+00
0.000000000000000000e+00 1.000000000000000000e+00
0.000000000000000000e+00 1.000000000000000000e+00
0.000000000000000000e+00 1.000000000000000000e+00
0.000000000000000000e+00 1.000000000000000000e+00
0.000000000000000000e+00 1.000000000000000000e+00
0.000000000000000000e+00 1.000000000000000000e+00
2.348985706587622570e-319 1.000000000000000000e+00
1.895490723403635105e-313 1.000000000000000000e+00
0.000000000000000000e+00 1.000000000000000000e+00
0.000000000000000000e+00 1.000000000000000000e+00
0.000000000000000000e+00 1.000000000000000000e+00
0.000000000000000000e+00 1.000000000000000000e+00
0.000000000000000000e+00 1.000000000000000000e+00
6.777536112363971658e-249 1.000000000000000000e+00
5.432854660912706810e-116 1.000000000000000000e+00
0.000000000000000000e+00 1.000000000000000000e+00
3.651183186890950254e-123 1.000000000000000000e+00
0.000000000000000000e+00 1.000000000000000000e+00
0.000000000000000000e+00 1.000000000000000000e+00
9.059152161511559515e-239 1.000000000000000000e+00
2.439541836684016011e-311 1.000000000000000000e+00
3.652677296740872711e-277 1.000000000000000000e+00
2.333419969813702026e-192 1.000000000000000000e+00
5.644622158895778835e-262 1.000000000000000000e+00
9.832282291992422588e-196 1.000000000000000000e+00
0.000000000000000000e+00 1.000000000000000000e+00
0.000000000000000000e+00 1.000000000000000000e+00
8.036957332959938433e-290 1.000000000000000000e+00
3.042105990538958729e-290 1.000000000000000000e+00
1.339046828713300429e-104 1.000000000000000000e+00
3.003167237204518944e-190 1.000000000000000000e+00
3.279856725817231295e-120 1.000000000000000000e+00
8.614722767185683353e-301 1.000000000000000000e+00
0.000000000000000000e+00 1.000000000000000000e+00
0.000000000000000000e+00 1.000000000000000000e+00
0.000000000000000000e+00 1.000000000000000000e+00
0.000000000000000000e+00 1.000000000000000000e+00
0.000000000000000000e+00 1.000000000000000000e+00
0.000000000000000000e+00 1.000000000000000000e+00
5.935825494751472949e-200 1.000000000000000000e+00
6.085768217854773704e-92 1.000000000000000000e+00
1.355853937905699494e-50 1.000000000000000000e+00
1.225582997847179446e-20 1.000000000000000000e+00
2.836919521556326873e-125 1.000000000000000000e+00
1.980075082676980059e-124 1.000000000000000000e+00
1.008477711824021902e-241 1.000000000000000000e+00
0.000000000000000000e+00 1.000000000000000000e+00
1.824378199532021635e-167 1.000000000000000000e+00
1.000000000000000000e+00 2.605540397365614495e-94
1.000000000000000000e+00 1.986943380213529983e-177
1.000000000000000000e+00 2.589340953545544767e-121
1.000000000000000000e+00 3.594463362027451945e-103
1.399945488677654041e-223 1.000000000000000000e+00
2.564347260922960657e-95 1.000000000000000000e+00
2.056415011923820452e-116 1.000000000000000000e+00
1.100940827337451904e-17 1.000000000000000000e+00
0.000000000000000000e+00 1.000000000000000000e+00
2.801753184797728651e-179 1.000000000000000000e+00
1.893904488625802301e-05 9.999810609551126328e-01
4.524713892580008585e-129 1.000000000000000000e+00
2.348985706587622570e-319 1.000000000000000000e+00
3.407702415775846680e-266 1.000000000000000000e+00
8.665072369468840932e-120 1.000000000000000000e+00
0.000000000000000000e+00 1.000000000000000000e+00
0.000000000000000000e+00 1.000000000000000000e+00
0.000000000000000000e+00 1.000000000000000000e+00
6.646465629285980678e-22 1.000000000000000000e+00
1.000000000000000000e+00 8.008138216247426939e-62
1.000000000000000000e+00 1.104759666955488092e-70
9.999999189134773925e-01 8.108652081868691947e-08
2.597596320184777103e-195 1.000000000000000000e+00
1.053480011256027979e-52 1.000000000000000000e+00
3.515640961925912408e-131 1.000000000000000000e+00
3.989207810520472430e-207 1.000000000000000000e+00
2.749819339249150757e-260 1.000000000000000000e+00
2.218037985409072954e-100 1.000000000000000000e+00
1.330721563868264624e-131 1.000000000000000000e+00
1.257570598842212649e-220 1.000000000000000000e+00
1.195875935853770488e-282 1.000000000000000000e+00
9.467280222791538517e-204 1.000000000000000000e+00
4.014165106205924929e-180 1.000000000000000000e+00
8.943195619388001284e-139 1.000000000000000000e+00
5.896507722268265433e-73 1.000000000000000000e+00
2.732722869000539122e-287 1.000000000000000000e+00
0.000000000000000000e+00 1.000000000000000000e+00
0.000000000000000000e+00 1.000000000000000000e+00
0.000000000000000000e+00 1.000000000000000000e+00
2.631276483287607357e-295 1.000000000000000000e+00
9.002828633910560141e-266 1.000000000000000000e+00
0.000000000000000000e+00 1.000000000000000000e+00
0.000000000000000000e+00 1.000000000000000000e+00
0.000000000000000000e+00 1.000000000000000000e+00
1.558439242356061021e-226 1.000000000000000000e+00
0.000000000000000000e+00 1.000000000000000000e+00
5.200775314732607482e-305 1.000000000000000000e+00
7.494874019083698451e-125 1.000000000000000000e+00
6.442403313250367884e-157 1.000000000000000000e+00
2.004928088120918869e-70 1.000000000000000000e+00
1.000000000000000000e+00 2.115674646465025276e-61
1.000000000000000000e+00 9.801034520893387828e-122
1.000000000000000000e+00 6.545892728560520365e-156
1.000000000000000000e+00 6.145083827146228711e-118
1.000000000000000000e+00 1.360556996060268057e-103
1.000000000000000000e+00 1.343691587953314875e-157
1.000000000000000000e+00 1.543827897706727328e-179
1.000000000000000000e+00 7.520871530598478076e-178
1.000000000000000000e+00 2.282888907721531191e-199
1.000000000000000000e+00 1.277771949123601411e-219
1.000000000000000000e+00 9.204676481372014240e-238
1.000000000000000000e+00 4.317662658078745017e-244
1.000000000000000000e+00 1.468089850118766395e-241
1.000000000000000000e+00 8.862972911192765725e-246
1.000000000000000000e+00 2.707101879363887387e-240
1.000000000000000000e+00 2.622914078426149358e-221
1.000000000000000000e+00 3.734572118893134672e-249
1.000000000000000000e+00 6.505194905721221448e-183
1.000000000000000000e+00 1.697307354836235107e-236
1.000000000000000000e+00 2.341513916739508055e-245
1.000000000000000000e+00 8.918421472933583286e-219
1.000000000000000000e+00 3.734572118893134672e-249
1.000000000000000000e+00 2.103381226115837238e-242
1.000000000000000000e+00 7.714008901327761898e-224
1.000000000000000000e+00 4.157378834081139516e-252
1.000000000000000000e+00 2.707101879363887387e-240
1.000000000000000000e+00 1.889466703890080459e-239
1.000000000000000000e+00 3.129770245168310933e-235
1.000000000000000000e+00 3.013584340232736420e-243
1.000000000000000000e+00 1.230337448000895364e-227
1.000000000000000000e+00 1.644523019377566646e-217
1.000000000000000000e+00 4.344674834115937927e-217
1.000000000000000000e+00 2.707101879363887387e-240
1.000000000000000000e+00 6.424556779414325813e-237
1.000000000000000000e+00 1.112126177996511876e-197
1.000000000000000000e+00 4.289063286651979949e-117
1.000000000000000000e+00 8.970546072430984107e-38
1.000000000000000000e+00 8.477427061045536018e-127
1.000000000000000000e+00 3.128490027894276517e-81
9.998076006027867280e-01 1.923993972124689159e-04
2.713504069552632864e-06 9.999972864959271179e-01
2.259928461816294291e-19 1.000000000000000000e+00
1.000000000000000000e+00 2.115674646465025276e-61
1.000000000000000000e+00 2.792848991490282271e-105
1.000000000000000000e+00 4.989751096026313005e-85
1.000000000000000000e+00 7.286980948156127697e-159
1.000000000000000000e+00 4.104164662897896784e-152
1.000000000000000000e+00 2.024469340248117879e-96
1.172748941911568211e-55 1.000000000000000000e+00
1.000000000000000000e+00 8.970546072430984107e-38
1.000000000000000000e+00 4.655102403713741095e-74
1.638168012410292808e-10 9.999999998361772668e-01
5.068488248077690038e-105 1.000000000000000000e+00
1.087738544647880659e-225 1.000000000000000000e+00
5.825797871290417441e-281 1.000000000000000000e+00
1.702718729686059642e-310 1.000000000000000000e+00
1.894715382145463588e-159 1.000000000000000000e+00
8.832336137320601454e-193 1.000000000000000000e+00
4.819835270174167338e-167 1.000000000000000000e+00
1.257570598842212649e-220 1.000000000000000000e+00
9.959766639230726274e-296 1.000000000000000000e+00
7.310213384713531754e-233 1.000000000000000000e+00
1.306055048435092222e-212 1.000000000000000000e+00
6.992213717732253138e-114 1.000000000000000000e+00
2.484598966856436960e-76 1.000000000000000000e+00
1.074254982749663121e-279 1.000000000000000000e+00
1.724090483834076679e-256 1.000000000000000000e+00
2.017471326150289827e-43 1.000000000000000000e+00
7.684199298388117144e-17 1.000000000000000000e+00
6.200705712512103423e-11 9.999999999379980409e-01
1.217963172440135922e-47 1.000000000000000000e+00
3.604448286152564643e-23 1.000000000000000000e+00
1.627983019688260549e-37 1.000000000000000000e+00
9.112099275485686414e-58 1.000000000000000000e+00
1.000000000000000000e+00 8.008138216247426939e-62
1.000000000000000000e+00 4.989751096026313005e-85
1.000000000000000000e+00 1.118626109828964608e-16
7.541763475807118740e-98 1.000000000000000000e+00
1.568189155327934738e-199 1.000000000000000000e+00
4.141313281928054304e-45 1.000000000000000000e+00
2.348018319885703919e-165 1.000000000000000000e+00
2.548403927468190301e-122 1.000000000000000000e+00
2.231914482313817544e-73 1.000000000000000000e+00
2.377489582159024342e-111 1.000000000000000000e+00
5.751228047953561189e-181 1.000000000000000000e+00
0.000000000000000000e+00 1.000000000000000000e+00
1.690748371178408380e-29 1.000000000000000000e+00
9.467280222791538517e-204 1.000000000000000000e+00
1.195386768627149764e-128 1.000000000000000000e+00
9.828260444830119795e-42 1.000000000000000000e+00
1.638838371532013526e-164 1.000000000000000000e+00
1.014371859906312956e-60 1.000000000000000000e+00
9.230245804815616093e-158 1.000000000000000000e+00
3.079029149564072500e-82 1.000000000000000000e+00
1.000000000000000000e+00 6.028710326550255382e-45
1.000000000000000000e+00 1.973782247389011730e-50
1.000000000000000000e+00 5.804907583854439712e-53
1.000000000000000000e+00 1.986130630701998554e-23
2.580390339113295528e-68 1.000000000000000000e+00
6.126347974802155620e-219 1.000000000000000000e+00
0.000000000000000000e+00 1.000000000000000000e+00
4.039278539807190101e-153 1.000000000000000000e+00
1.577354592498302450e-18 1.000000000000000000e+00
1.000000000000000000e+00 5.415588618925666027e-42
9.999895640791564011e-01 1.043592084922648225e-05
7.124270592194329558e-33 1.000000000000000000e+00
1.509355900516563824e-53 1.000000000000000000e+00
7.494874019083698451e-125 1.000000000000000000e+00
4.553021423266023181e-102 1.000000000000000000e+00
1.000000000000000000e+00 5.315204208039743280e-123
1.000000000000000000e+00 6.222214135560466715e-64
1.151010637928593011e-136 1.000000000000000000e+00
6.523265441159382841e-103 1.000000000000000000e+00
0.000000000000000000e+00 1.000000000000000000e+00
1.472770431796537403e-315 1.000000000000000000e+00
3.021955662446029319e-163 1.000000000000000000e+00
4.064549088165879410e-126 1.000000000000000000e+00
1.272834195622163916e-12 9.999999999987210231e-01
2.908581910999461817e-17 1.000000000000000000e+00
1.812293867361924505e-40 1.000000000000000000e+00
5.859847325188926074e-100 1.000000000000000000e+00
0.000000000000000000e+00 1.000000000000000000e+00
1.391241598184851812e-250 1.000000000000000000e+00
2.018296900666729456e-197 1.000000000000000000e+00
1.519420249566524677e-180 1.000000000000000000e+00
1.790561168054963847e-248 1.000000000000000000e+00
1.680924043761448371e-210 1.000000000000000000e+00
2.205149768711611115e-281 1.000000000000000000e+00
5.751228047953561189e-181 1.000000000000000000e+00
2.030923776709168893e-170 1.000000000000000000e+00
1.000000000000000000e+00 4.234163563278116627e-17
3.279856725817231295e-120 1.000000000000000000e+00
6.322985664164245449e-238 1.000000000000000000e+00
2.304494992619200324e-246 1.000000000000000000e+00
1.000000000000000000e+00 4.051631629552588352e-52
1.680924043761448371e-210 1.000000000000000000e+00
1.578000065739025507e-172 1.000000000000000000e+00
3.938146217201278590e-107 1.000000000000000000e+00
1.000000000000000000e+00 5.247169949462794582e-23
1.000000000000000000e+00 1.017890417262276793e-113
1.000000000000000000e+00 1.751069352186752789e-101
9.999999999993036681e-01 7.013597596735096262e-13
1.000000000000000000e+00 4.129841152040328041e-125
1.000000000000000000e+00 7.908869666980476983e-116
1.000000000000000000e+00 1.613379603606014869e-144
1.000000000000000000e+00 8.477427061045536018e-127
1.000000000000000000e+00 3.594463362027451945e-103
1.000000000000000000e+00 1.533601877065046478e-52
2.469151453008427998e-103 1.000000000000000000e+00
2.362708000210129971e-138 1.000000000000000000e+00
5.005659477929015508e-159 1.000000000000000000e+00
1.115215511337903040e-117 1.000000000000000000e+00
5.787208900735587603e-154 1.000000000000000000e+00
6.564076316947708293e-76 1.000000000000000000e+00
9.522612681728568058e-23 1.000000000000000000e+00
2.564347260922960657e-95 1.000000000000000000e+00
1.100940827337451904e-17 1.000000000000000000e+00
6.902713849540013746e-14 9.999999999999289457e-01
6.047931130224614015e-119 1.000000000000000000e+00
1.094543658286660319e-198 1.000000000000000000e+00
1.129675279401990167e-217 1.000000000000000000e+00
5.859847325188926074e-100 1.000000000000000000e+00
8.343400426881737378e-128 1.000000000000000000e+00
1.490645987360757776e-107 1.000000000000000000e+00
6.732643009779143450e-122 1.000000000000000000e+00
9.706429735894673527e-96 1.000000000000000000e+00
2.423382778271222300e-184 1.000000000000000000e+00
5.501045391483969486e-62 1.000000000000000000e+00
1.002207696568648389e-268 1.000000000000000000e+00
0.000000000000000000e+00 1.000000000000000000e+00
3.040861631901191427e-136 1.000000000000000000e+00
6.123842021997882550e-65 1.000000000000000000e+00
1.000000000000000000e+00 1.533601877065046478e-52
4.466797857205810858e-29 1.000000000000000000e+00
1.000000000000000000e+00 1.841406175858507822e-39
1.000000000000000000e+00 4.834575490999181366e-66
9.999724297530261374e-01 2.757024697134925046e-05
1.000000000000000000e+00 1.111671268201452347e-43
1.000000000000000000e+00 1.912399856054275406e-31
3.863566947972615013e-34 1.000000000000000000e+00
2.946294280854394771e-117 1.000000000000000000e+00
2.407330754369906497e-57 1.000000000000000000e+00
1.000000000000000000e+00 3.616951056127253909e-76
4.817863740035615305e-13 9.999999999995168309e-01
1.000000000000000000e+00 3.504467976770660691e-57
1.000000000000000000e+00 9.258474126682319814e-57
2.332465495738616580e-38 1.000000000000000000e+00
2.176033538913232968e-27 1.000000000000000000e+00
1.000000000000000000e+00 1.876951237920168965e-112
1.000000000000000000e+00 5.214546684485782754e-50
1.000000000000000000e+00 1.563205326109303250e-125
1.000000000000000000e+00 5.916960971656837167e-126
1.000000000000000000e+00 1.458365503814009761e-114
1.000000000000000000e+00 2.370903538693259053e-191
1.000000000000000000e+00 4.686142515219483659e-201
1.000000000000000000e+00 9.262262810169400643e-211
1.000000000000000000e+00 1.199533213412085126e-181
1.000000000000000000e+00 2.447002545062696803e-210
1.000000000000000000e+00 6.263703710621068358e-191
1.000000000000000000e+00 4.209560369872439565e-198
1.000000000000000000e+00 1.665164327331554851e-163
1.000000000000000000e+00 1.112126177996511876e-197
1.000000000000000000e+00 1.707926054972369980e-209
1.000000000000000000e+00 1.593380216939391878e-198
1.000000000000000000e+00 6.031177350265467878e-199
1.000000000000000000e+00 1.293809963786222752e-165
1.000000000000000000e+00 4.262396864662235775e-144
9.999999999999573674e-01 3.803547817345427011e-14
1.000000000000000000e+00 9.924052666238022826e-68
1.918496991295438501e-105 1.000000000000000000e+00
3.179157316975638613e-255 1.000000000000000000e+00
1.955530154054356537e-178 1.000000000000000000e+00
2.532559718607556715e-149 1.000000000000000000e+00
6.774763794235585863e-95 1.000000000000000000e+00
1.000000000000000000e+00 7.807636663901879987e-16
1.812293867361924505e-40 1.000000000000000000e+00
4.787909603436354810e-40 1.000000000000000000e+00
2.149059517396275499e-81 1.000000000000000000e+00
2.378462480653747802e-265 1.000000000000000000e+00
2.715732692784929162e-314 1.000000000000000000e+00
2.696640699814816029e-33 1.000000000000000000e+00
3.117675728621314886e-28 1.000000000000000000e+00
1.000000000000000000e+00 3.374372234496089213e-65
1.000000000000000000e+00 1.973782247389011730e-50
1.000000000000000000e+00 3.482679624475799842e-84
1.000000000000000000e+00 3.228905324711517488e-100
1.000000000000000000e+00 1.773047981443515307e-47
1.000000000000000000e+00 1.334791231938346649e-30
6.564076316947708293e-76 1.000000000000000000e+00
2.872527250237975415e-71 1.000000000000000000e+00
1.322448059749488810e-158 1.000000000000000000e+00
2.095253032332560048e-35 1.000000000000000000e+00
5.164213113374448297e-24 1.000000000000000000e+00
2.044465927884768199e-297 1.000000000000000000e+00
9.408419237852985843e-231 1.000000000000000000e+00
1.472770431796537403e-315 1.000000000000000000e+00
0.000000000000000000e+00 1.000000000000000000e+00
0.000000000000000000e+00 1.000000000000000000e+00
0.000000000000000000e+00 1.000000000000000000e+00
1.691440246571015405e-183 1.000000000000000000e+00
1.331266111788095257e-285 1.000000000000000000e+00
0.000000000000000000e+00 1.000000000000000000e+00
0.000000000000000000e+00 1.000000000000000000e+00
0.000000000000000000e+00 1.000000000000000000e+00
0.000000000000000000e+00 1.000000000000000000e+00
5.789577099053018356e-308 1.000000000000000000e+00
0.000000000000000000e+00 1.000000000000000000e+00
7.494874019083698451e-125 1.000000000000000000e+00
1.417516970263552931e-169 1.000000000000000000e+00
1.047358619845798349e-233 1.000000000000000000e+00
0.000000000000000000e+00 1.000000000000000000e+00
0.000000000000000000e+00 1.000000000000000000e+00
0.000000000000000000e+00 1.000000000000000000e+00
4.468625726789382440e-183 1.000000000000000000e+00
6.362543548908452297e-211 1.000000000000000000e+00
5.607233261603875403e-135 1.000000000000000000e+00
8.722850864811976857e-247 1.000000000000000000e+00
7.219596282728512317e-287 1.000000000000000000e+00
0.000000000000000000e+00 1.000000000000000000e+00
0.000000000000000000e+00 1.000000000000000000e+00
8.346814650766082812e-282 1.000000000000000000e+00
1.408127609039104755e-42 1.000000000000000000e+00
9.907123861296147638e-01 9.287613870390093451e-03
1.416937141850059696e-15 1.000000000000000000e+00
1.435309001123666741e-115 1.000000000000000000e+00
9.994918594471136064e-01 5.081405528848494720e-04
1.607802609680689655e-91 1.000000000000000000e+00
0.000000000000000000e+00 1.000000000000000000e+00
0.000000000000000000e+00 1.000000000000000000e+00
0.000000000000000000e+00 1.000000000000000000e+00
0.000000000000000000e+00 1.000000000000000000e+00
7.451324016282320024e-306 1.000000000000000000e+00
6.995075019096805342e-268 1.000000000000000000e+00
2.855836033086587567e-252 1.000000000000000000e+00
0.000000000000000000e+00 1.000000000000000000e+00
0.000000000000000000e+00 1.000000000000000000e+00
0.000000000000000000e+00 1.000000000000000000e+00
1.289865244212745197e-266 1.000000000000000000e+00
2.245877793408528958e-46 1.000000000000000000e+00
2.303552350171459420e-92 1.000000000000000000e+00
3.001938806276782860e-36 1.000000000000000000e+00
1.000000000000000000e+00 1.830706430418136540e-220
2.004928088120918869e-70 1.000000000000000000e+00
0.000000000000000000e+00 1.000000000000000000e+00
0.000000000000000000e+00 1.000000000000000000e+00
4.583380861231268593e-229 1.000000000000000000e+00
4.912873593850740748e-240 1.000000000000000000e+00
0.000000000000000000e+00 1.000000000000000000e+00
0.000000000000000000e+00 1.000000000000000000e+00
0.000000000000000000e+00 1.000000000000000000e+00
0.000000000000000000e+00 1.000000000000000000e+00
3.841117157492044833e-215 1.000000000000000000e+00
6.905538526432672007e-168 1.000000000000000000e+00
1.691440246571015405e-183 1.000000000000000000e+00
2.057256522685693667e-270 1.000000000000000000e+00
2.136572109632150662e-262 1.000000000000000000e+00
0.000000000000000000e+00 1.000000000000000000e+00
0.000000000000000000e+00 1.000000000000000000e+00
0.000000000000000000e+00 1.000000000000000000e+00
0.000000000000000000e+00 1.000000000000000000e+00
0.000000000000000000e+00 1.000000000000000000e+00
0.000000000000000000e+00 1.000000000000000000e+00
0.000000000000000000e+00 1.000000000000000000e+00
5.296831060454272331e-70 1.000000000000000000e+00
0.000000000000000000e+00 1.000000000000000000e+00
0.000000000000000000e+00 1.000000000000000000e+00
0.000000000000000000e+00 1.000000000000000000e+00
0.000000000000000000e+00 1.000000000000000000e+00
0.000000000000000000e+00 1.000000000000000000e+00
0.000000000000000000e+00 1.000000000000000000e+00
0.000000000000000000e+00 1.000000000000000000e+00
3.260798664366700425e-301 1.000000000000000000e+00
1.188440808362857109e-309 1.000000000000000000e+00
5.503296488101811810e-216 1.000000000000000000e+00
4.819835270174167338e-167 1.000000000000000000e+00
3.300376176792915927e-93 1.000000000000000000e+00
0.000000000000000000e+00 1.000000000000000000e+00
1.000000000000000000e+00 1.030666516665737214e-59
