1.000000000000000000e+00 0.000000000000000000e+00
1.000000000000000000e+00 0.000000000000000000e+00
1.000000000000000000e+00 3.077135838598922651e-297
2.911667021574791015e-33 1.000000000000000000e+00
2.021138126366406799e-173 1.000000000000000000e+00
6.815004616736135856e-64 1.000000000000000000e+00
6.619467607421263133e-122 1.000000000000000000e+00
1.159746651701393382e-105 1.000000000000000000e+00
2.045332605807345119e-186 1.000000000000000000e+00
2.058849921074023654e-283 1.000000000000000000e+00
2.877224570648699860e-20 1.000000000000000000e+00
1.827869636360904453e-153 1.000000000000000000e+00
1.000000000000000000e+00 1.522618971037114929e-157
1.000000000000000000e+00 8.947346648446633388e-116
1.000000000000000000e+00 5.320656694550703777e-87
1.000000000000000000e+00 1.126260644633668360e-97
3.798308138174731919e-54 1.000000000000000000e+00
1.000000000000000000e+00 1.996856801445256744e-94
1.000000000000000000e+00 5.477827234435847129e-29
1.000000000000000000e+00 2.399790489437116173e-205
1.000000000000000000e+00 1.419505577280499650e-260
1.000000000000000000e+00 2.969223074853185143e-258
1.000000000000000000e+00 1.615961361306091616e-222
1.000000000000000000e+00 3.073216235542858874e-116
1.000000000000000000e+00 4.009051224380642568e-137
1.000000000000000000e+00 1.086763558631057025e-58
1.000000000000000000e+00 6.428340054903707906e-114
1.000000000000000000e+00 1.817845185129080985e-171
1.477323885301812931e-100 1.000000000000000000e+00
2.514042947600991865e-142 1.000000000000000000e+00
0.000000000000000000e+00 1.000000000000000000e+00
0.000000000000000000e+00 1.000000000000000000e+00
0.000000000000000000e+00 1.000000000000000000e+00
3.127154873752448676e-111 1.000000000000000000e+00
1.000000000000000000e+00 3.375850040726857229e-39
1.000000000000000000e+00 1.048651604755806419e-19
1.000000000000000000e+00 5.993005954977261425e-217
1.827869636360904453e-153 1.000000000000000000e+00
3.398795389197801761e-202 1.000000000000000000e+00
0.000000000000000000e+00 1.000000000000000000e+00
4.987689723241212906e-172 1.000000000000000000e+00
2.340803777516556746e-64 1.000000000000000000e+00
8.233789486352004881e-91 1.000000000000000000e+00
1.000000000000000000e+00 4.328690021809625756e-131
1.000000000000000000e+00 4.409457717659258820e-241
1.000000000000000000e+00 5.257718022056621388e-74
1.000000000000000000e+00 1.153386338294572249e-123
1.000000000000000000e+00 8.841507434836563318e-103
1.000000000000000000e+00 1.883912534412467536e-210
1.000000000000000000e+00 3.380155625209500093e-220
1.000000000000000000e+00 1.765687331850668946e-229
1.000000000000000000e+00 1.744800809172957649e-216
1.000000000000000000e+00 3.300660088483109146e-194
1.000000000000000000e+00 1.663696356095293104e-164
1.000000000000000000e+00 2.412573352791763635e-121
1.000000000000000000e+00 2.560473364371950349e-186
1.000000000000000000e+00 3.713015170577809011e-143
1.000000000000000000e+00 9.712171531833207659e-26
1.000000000000000000e+00 9.211648478842406574e-58
1.000000000000000000e+00 3.056932998742566970e-200
1.000000000000000000e+00 5.484813696412258456e-210
1.000000000000000000e+00 1.559290851536736009e-183
1.000000000000000000e+00 1.724161355624222152e-203
5.224174414655518921e-43 1.000000000000000000e+00
5.986490329715877267e-102 1.000000000000000000e+00
1.487087310891688232e-197 1.000000000000000000e+00
1.113145889912837168e-150 1.000000000000000000e+00
4.540559814677208817e-249 1.000000000000000000e+00
9.999989637541060183e-01 1.036245908041444486e-06
1.000000000000000000e+00 2.315631700970836622e-166
1.000000000000000000e+00 9.840968479433322647e-220
1.000000000000000000e+00 7.070374530122870150e-218
1.000000000000000000e+00 4.305754738621608718e-215
1.000000000000000000e+00 5.419933191474546843e-197
1.000000000000000000e+00 5.922113984166520631e-204
1.000000000000000000e+00 1.893947492299625204e-126
1.914535650267810910e-24 1.000000000000000000e+00
4.643995026566234232e-94 1.000000000000000000e+00
1.000000000000000000e+00 8.385854620247540950e-135
1.000000000000000000e+00 2.560473364371950349e-186
1.222762509950710578e-73 1.000000000000000000e+00
3.583471937446434749e-170 1.000000000000000000e+00
3.017487981294041593e-72 1.000000000000000000e+00
5.685214399529797958e-315 1.000000000000000000e+00
1.775424160212476665e-211 1.000000000000000000e+00
1.000000000000000000e+00 2.020760615935974357e-107
1.000000000000000000e+00 5.543400772778432841e-42
4.730645901531000790e-204 1.000000000000000000e+00
0.000000000000000000e+00 1.000000000000000000e+00
4.462894978883980034e-320 1.000000000000000000e+00
4.940656458412465442e-324 1.000000000000000000e+00
1.181386007800543861e-215 1.000000000000000000e+00
6.742978217725751823e-232 1.000000000000000000e+00
3.057504082754927361e-266 1.000000000000000000e+00
4.761910074344135155e-301 1.000000000000000000e+00
2.058849921074023654e-283 1.000000000000000000e+00
6.138492493625859372e-309 1.000000000000000000e+00
5.203122113564608028e-308 1.000000000000000000e+00
6.707250970861428883e-316 1.000000000000000000e+00
2.182282028996754272e-167 1.000000000000000000e+00
9.713985920916399769e-92 1.000000000000000000e+00
5.196494465520859237e-127 1.000000000000000000e+00
1.859603541438340753e-82 1.000000000000000000e+00
6.698707403491144624e-135 1.000000000000000000e+00
0.000000000000000000e+00 1.000000000000000000e+00
2.668163435022353786e-207 1.000000000000000000e+00
0.000000000000000000e+00 1.000000000000000000e+00
3.262225515026463271e-247 1.000000000000000000e+00
1.664007161202394223e-230 1.000000000000000000e+00
3.206555210700107846e-318 1.000000000000000000e+00
6.506507209123358317e-193 1.000000000000000000e+00
6.026054201554688106e-199 1.000000000000000000e+00
1.701913705843539577e-75 1.000000000000000000e+00
1.701913705843539577e-75 1.000000000000000000e+00
9.599078041384375917e-79 1.000000000000000000e+00
1.469496380561778906e-184 1.000000000000000000e+00
4.987689723241212906e-172 1.000000000000000000e+00
1.417962283901630682e-145 1.000000000000000000e+00
6.896585131664103575e-77 1.000000000000000000e+00
0.000000000000000000e+00 1.000000000000000000e+00
0.000000000000000000e+00 1.000000000000000000e+00
0.000000000000000000e+00 1.000000000000000000e+00
0.000000000000000000e+00 1.000000000000000000e+00
0.000000000000000000e+00 1.000000000000000000e+00
4.106375170038409615e-229 1.000000000000000000e+00
0.000000000000000000e+00 1.000000000000000000e+00
2.371846102139489554e-258 1.000000000000000000e+00
2.441909696503747598e-200 1.000000000000000000e+00
0.000000000000000000e+00 1.000000000000000000e+00
0.000000000000000000e+00 1.000000000000000000e+00
3.094104609318228305e-279 1.000000000000000000e+00
7.025266392634193867e-187 1.000000000000000000e+00
1.275577072394831461e-209 1.000000000000000000e+00
1.216283782138988518e-157 1.000000000000000000e+00
2.915380583553209768e-214 1.000000000000000000e+00
1.000000000000000000e+00 3.278989707100895587e-97
1.000000000000000000e+00 4.649049495821868680e-209
1.000000000000000000e+00 7.766626984929445839e-141
1.000000000000000000e+00 1.775092544510324118e-145
1.000000000000000000e+00 1.754094766469119824e-132
1.000000000000000000e+00 5.953659060362317539e-120
1.000000000000000000e+00 7.279231189344597219e-160
1.000000000000000000e+00 2.880356107843556933e-135
1.000000000000000000e+00 1.335807316876574109e-14
2.946521773451561437e-46 1.000000000000000000e+00
7.758183070235935482e-26 1.000000000000000000e+00
1.000000000000000000e+00 1.575946712109687894e-15
1.000000000000000000e+00 3.278989707100895587e-97
1.000000000000000000e+00 4.927769169966791974e-93
1.000000000000000000e+00 1.540845817047692720e-170
1.000000000000000000e+00 6.661970174340722586e-153
1.000000000000000000e+00 1.683612000040182148e-177
1.000000000000000000e+00 1.147275195625904380e-207
1.000000000000000000e+00 6.904091293354888103e-192
1.000000000000000000e+00 7.155012006901092611e-231
1.000000000000000000e+00 6.867510413653178765e-276
1.000000000000000000e+00 3.168033471883145373e-239
1.000000000000000000e+00 1.461437329461154467e-202
1.000000000000000000e+00 1.906464324661232157e-223
1.000000000000000000e+00 2.222585343708318500e-211
1.000000000000000000e+00 8.385854620247540950e-135
1.000000000000000000e+00 2.249191291471663244e-224
1.000000000000000000e+00 2.196294120823800931e-198
1.000000000000000000e+00 3.205957114862097314e-252
1.000000000000000000e+00 2.303362476666771786e-250
1.000000000000000000e+00 7.327338603558847088e-257
1.000000000000000000e+00 5.391216027166557132e-281
1.000000000000000000e+00 1.126260644633668360e-97
1.622802795549593325e-23 1.000000000000000000e+00
8.589430083287674898e-227 1.000000000000000000e+00
2.714485800405933076e-136 1.000000000000000000e+00
2.911667021574791015e-33 1.000000000000000000e+00
1.000000000000000000e+00 9.828433221929759860e-39
4.928689756115680779e-159 1.000000000000000000e+00
9.999969830847169616e-01 3.016915269728277746e-06
5.293454257588891407e-237 1.000000000000000000e+00
5.356820718582042950e-250 1.000000000000000000e+00
9.846657543856069950e-01 1.533424561438041789e-02
5.845698214010840957e-76 1.000000000000000000e+00
1.000000000000000000e+00 1.575946712109687894e-15
1.000000000000000000e+00 6.129528292776525224e-62
1.000000000000000000e+00 1.926828584444709553e-55
1.000000000000000000e+00 2.513573371863684223e-76
1.773162655248484229e-30 1.000000000000000000e+00
5.915675432995847474e-89 1.000000000000000000e+00
7.495657456411044320e-168 1.000000000000000000e+00
2.664764774024060061e-26 1.000000000000000000e+00
2.557689605255609985e-71 1.000000000000000000e+00
1.459848447677787114e-87 1.000000000000000000e+00
1.000000000000000000e+00 2.636108949251097514e-128
1.000000000000000000e+00 8.385854620247540950e-135
1.000000000000000000e+00 5.714430046647637825e-165
1.000000000000000000e+00 1.827528224837678305e-87
9.999999997992574663e-01 2.007493374418973607e-10
1.000000000000000000e+00 9.211648478842406574e-58
9.999998777466106992e-01 1.222533971551591913e-07
5.478850580239573391e-95 1.000000000000000000e+00
7.585385876185841651e-181 1.000000000000000000e+00
8.093280884295145420e-162 1.000000000000000000e+00
2.438799233654279882e-19 1.000000000000000000e+00
3.823410621962143158e-151 1.000000000000000000e+00
1.313257221414544769e-151 1.000000000000000000e+00
2.761612374976988421e-65 1.000000000000000000e+00
1.000000000000000000e+00 5.167995712479230008e-145
1.000000000000000000e+00 1.351797892804355100e-27
9.999999580086589290e-01 4.199134893334424836e-08
1.000000000000000000e+00 7.494257409162501626e-102
1.000000000000000000e+00 1.297480157550301878e-72
1.000000000000000000e+00 2.058465366794560402e-217
1.000000000000000000e+00 7.070374530122870150e-218
1.000000000000000000e+00 7.817955529341197729e-238
1.000000000000000000e+00 3.461565791190600969e-246
1.000000000000000000e+00 2.034115538379826161e-204
1.000000000000000000e+00 7.240662655247338493e-244
1.000000000000000000e+00 9.958771961781347392e-233
1.000000000000000000e+00 6.786273826967605937e-263
1.000000000000000000e+00 3.461565791190600969e-246
1.000000000000000000e+00 8.006248947705787436e-264
1.000000000000000000e+00 1.674691491110665902e-261
1.000000000000000000e+00 3.737553965149445745e-240
1.000000000000000000e+00 8.048895498202579349e-180
1.000000000000000000e+00 1.453693998604392977e-286
1.000000000000000000e+00 6.867510413653178765e-276
1.000000000000000000e+00 1.232183210837550215e-285
1.000000000000000000e+00 2.934099786619130255e-245
1.000000000000000000e+00 2.639471062395459183e-309
1.000000000000000000e+00 0.000000000000000000e+00
1.000000000000000000e+00 1.168681653167426543e-317
1.000000000000000000e+00 0.000000000000000000e+00
1.000000000000000000e+00 1.999403607599325823e-275
1.000000000000000000e+00 3.113971371421411659e-310
1.000000000000000000e+00 2.387075355253506145e-289
1.000000000000000000e+00 2.358838360717045522e-276
1.000000000000000000e+00 1.101175559969433934e-252
1.000000000000000000e+00 3.340171367608354420e-207
1.000000000000000000e+00 1.615961361306091616e-222
1.000000000000000000e+00 5.782835891103602973e-178
1.000000000000000000e+00 3.340171367608354420e-207
1.000000000000000000e+00 2.170313899901440962e-185
1.000000000000000000e+00 1.683612000040182148e-177
1.000000000000000000e+00 8.145246575916187563e-193
1.000000000000000000e+00 4.594055343699965321e-196
1.000000000000000000e+00 9.958771961781347392e-233
1.000000000000000000e+00 1.694738754742819447e-274
1.000000000000000000e+00 1.551029050143725380e-267
1.000000000000000000e+00 4.305754738621608718e-215
1.000000000000000000e+00 1.306055021262409780e-169
1.000000000000000000e+00 1.328729628490997859e-98
1.000000000000000000e+00 2.020760615935974357e-107
1.000000000000000000e+00 5.580036328126440447e-139
1.000000000000000000e+00 1.839606101610453498e-184
1.000000000000000000e+00 2.764618081220309545e-180
1.000000000000000000e+00 6.986738239994516072e-205
1.000000000000000000e+00 2.119271791942291523e-159
1.000000000000000000e+00 1.139742795931665387e-110
1.000000000000000000e+00 9.272526966890795521e-155
1.000000000000000000e+00 1.754094766469119824e-132
1.092756482772210033e-40 1.000000000000000000e+00
3.823410621962143158e-151 1.000000000000000000e+00
4.079414891292071772e-132 1.000000000000000000e+00
1.927188546866232544e-121 1.000000000000000000e+00
0.000000000000000000e+00 1.000000000000000000e+00
0.000000000000000000e+00 1.000000000000000000e+00
1.181386007800543861e-215 1.000000000000000000e+00
4.534776127164614318e-68 1.000000000000000000e+00
1.000000000000000000e+00 8.430523200353082498e-51
1.000000000000000000e+00 2.587823545587793600e-18
1.000093403640718552e-33 1.000000000000000000e+00
3.354312411758552847e-08 9.999999664568696156e-01
1.000000000000000000e+00 1.187457011125568421e-65
1.000000000000000000e+00 6.462581624271584841e-30
8.578489014013009929e-46 1.000000000000000000e+00
1.442579729053739968e-74 1.000000000000000000e+00
0.000000000000000000e+00 1.000000000000000000e+00
0.000000000000000000e+00 1.000000000000000000e+00
0.000000000000000000e+00 1.000000000000000000e+00
1.787157688551208299e-308 1.000000000000000000e+00
3.106623635473108715e-14 9.999999999999715783e-01
3.457802359997515576e-131 1.000000000000000000e+00
1.806247551907705102e-140 1.000000000000000000e+00
3.983473960674955503e-106 1.000000000000000000e+00
5.508034543550365599e-11 9.999999999449187271e-01
6.463788937956992345e-96 1.000000000000000000e+00
1.000000000000000000e+00 3.498541161840663084e-78
1.000000000000000000e+00 3.645004158977172249e-33
1.000000000000000000e+00 2.193496518900188326e-17
1.000000000000000000e+00 7.807997151167254266e-57
3.394466061705209352e-21 1.000000000000000000e+00
1.773162655248484229e-30 1.000000000000000000e+00
9.999999999996589395e-01 3.296455764052779113e-13
1.408652696529993713e-48 1.000000000000000000e+00
1.320252493578217276e-67 1.000000000000000000e+00
3.626368678142527496e-183 1.000000000000000000e+00
1.683926525712154787e-243 1.000000000000000000e+00
0.000000000000000000e+00 1.000000000000000000e+00
2.273641127487484999e-122 1.000000000000000000e+00
1.050185217645926007e-266 1.000000000000000000e+00
1.000000000000000000e+00 5.477827234435847129e-29
1.000000000000000000e+00 1.321689440776884432e-182
1.000000000000000000e+00 6.318641224719363111e-185
1.000000000000000000e+00 3.757462637106855286e-156
1.000000000000000000e+00 2.315631700970836622e-166
1.000000000000000000e+00 2.731915089469317116e-167
1.000000000000000000e+00 1.261860021859129287e-311
1.000000000000000000e+00 4.618526305634272076e-112
1.000000000000000000e+00 9.893387953509784364e-136
1.000000000000000000e+00 1.081005412436672451e-142
1.000000000000000000e+00 1.444149815769324733e-189
1.000000000000000000e+00 2.797712551343768043e-193
1.000000000000000000e+00 3.480004368514830568e-162
1.000000000000000000e+00 4.154755264363199040e-176
1.000000000000000000e+00 1.906464324661232157e-223
1.000000000000000000e+00 6.661970174340722586e-153
1.000000000000000000e+00 3.261616192914377110e-181
1.000000000000000000e+00 4.729762306224713205e-138
1.000000000000000000e+00 2.861445219203105065e-38
1.000000000000000000e+00 1.073908104947974269e-45
1.000000000000000000e+00 5.676912133508715235e-68
1.000000000000000000e+00 5.744868861518312701e-81
2.300858249760054861e-135 1.000000000000000000e+00
1.000000000000000000e+00 3.416261397747356867e-52
9.485529420636772929e-66 1.000000000000000000e+00
3.279602274860725595e-163 1.000000000000000000e+00
1.000000000000000000e+00 1.335807316876574109e-14
9.999969830847169616e-01 3.016915269728277746e-06
9.566272008050632492e-01 4.337279919493102626e-02
1.000000000000000000e+00 2.618801657750704366e-31
1.000000000000000000e+00 1.061204719935289447e-32
1.000000000000000000e+00 4.643127616006938830e-28
1.692896226513359834e-159 1.000000000000000000e+00
4.787275141024255027e-217 1.000000000000000000e+00
0.000000000000000000e+00 1.000000000000000000e+00
1.139955718130406475e-176 1.000000000000000000e+00
1.624872530416618728e-204 1.000000000000000000e+00
3.110585846574988544e-195 1.000000000000000000e+00
1.642228914113408299e-36 1.000000000000000000e+00
3.394466061705209352e-21 1.000000000000000000e+00
1.030949056268909858e-156 1.000000000000000000e+00
0.000000000000000000e+00 1.000000000000000000e+00
5.954771299167306788e-186 1.000000000000000000e+00
3.021336508121461735e-253 1.000000000000000000e+00
1.541133671709254782e-236 1.000000000000000000e+00
0.000000000000000000e+00 1.000000000000000000e+00
0.000000000000000000e+00 1.000000000000000000e+00
0.000000000000000000e+00 1.000000000000000000e+00
4.902575413283057296e-243 1.000000000000000000e+00
2.717948002114115394e-317 1.000000000000000000e+00
0.000000000000000000e+00 1.000000000000000000e+00
1.194005206207394729e-47 1.000000000000000000e+00
1.313257221414544769e-151 1.000000000000000000e+00
1.055779195202270124e-182 1.000000000000000000e+00
3.380787092388022083e-286 1.000000000000000000e+00
0.000000000000000000e+00 1.000000000000000000e+00
7.545195201349732536e-265 1.000000000000000000e+00
0.000000000000000000e+00 1.000000000000000000e+00
1.827869636360904453e-153 1.000000000000000000e+00
3.778183048987128999e-138 1.000000000000000000e+00
8.442852518315294344e-298 1.000000000000000000e+00
7.945036884520532767e-52 1.000000000000000000e+00
9.274259223349981111e-221 1.000000000000000000e+00
2.343789256229759501e-245 1.000000000000000000e+00
2.985596763962216669e-240 1.000000000000000000e+00
2.234841722070115224e-193 1.000000000000000000e+00
2.985596763962216669e-240 1.000000000000000000e+00
2.428971396436583253e-284 1.000000000000000000e+00
4.928689756115680779e-159 1.000000000000000000e+00
1.000000000000000000e+00 1.230613676915788047e-104
1.000000000000000000e+00 1.306055021262409780e-169
1.000000000000000000e+00 3.020772179524786589e-187
1.000000000000000000e+00 4.761020639483561673e-235
1.000000000000000000e+00 1.019862638514348656e-258
1.000000000000000000e+00 3.544936699770344443e-272
1.000000000000000000e+00 6.786273826967605937e-263
1.000000000000000000e+00 9.445540195845977343e-265
1.000000000000000000e+00 9.958771961781347392e-233
1.000000000000000000e+00 1.615961361306091616e-222
1.000000000000000000e+00 1.986276585260610846e-178
1.000000000000000000e+00 6.064746553748317240e-230
1.000000000000000000e+00 2.222585343708318500e-211
1.000000000000000000e+00 5.993005954977261425e-217
1.000000000000000000e+00 1.314686555040604936e-266
1.000000000000000000e+00 3.827571976861749659e-266
1.000000000000000000e+00 8.006248947705787436e-264
1.000000000000000000e+00 7.593641720457435107e-296
1.000000000000000000e+00 5.391216027166557132e-281
1.000000000000000000e+00 1.569595985269151631e-280
1.000000000000000000e+00 1.952381020314771041e-249
1.000000000000000000e+00 4.934054083754470916e-274
1.000000000000000000e+00 2.358838360717045522e-276
1.000000000000000000e+00 1.975752427665870634e-262
1.000000000000000000e+00 3.919758048892341311e-292
1.000000000000000000e+00 4.624416808749471378e-293
1.000000000000000000e+00 3.919758048892341311e-292
1.000000000000000000e+00 2.444567443865155331e-315
1.000000000000000000e+00 1.330424300233351134e-279
1.000000000000000000e+00 1.154857375888910753e-304
1.000000000000000000e+00 1.873930746097747769e-294
1.000000000000000000e+00 2.262820657952909172e-321
1.000000000000000000e+00 1.056928292791114317e-297
1.000000000000000000e+00 8.297226226741937016e-303
1.000000000000000000e+00 2.237274097366839161e-308
1.000000000000000000e+00 2.639471062395459183e-309
1.000000000000000000e+00 3.873390770891240285e-279
1.000000000000000000e+00 3.322473686365469051e-291
1.000000000000000000e+00 4.818013486479249525e-248
1.000000000000000000e+00 2.387075355253506145e-289
1.000000000000000000e+00 5.455752766959043106e-294
1.000000000000000000e+00 1.471095763040596185e-299
1.000000000000000000e+00 8.396549999962950153e-316
1.000000000000000000e+00 7.032912609481496502e-302
1.000000000000000000e+00 4.735816841646684625e-319
1.000000000000000000e+00 6.513588814617105046e-308
1.000000000000000000e+00 4.334210865558156504e-312
1.000000000000000000e+00 2.577395172392652307e-283
1.000000000000000000e+00 1.715025998563126931e-287
1.000000000000000000e+00 9.445540195845977343e-265
1.000000000000000000e+00 2.969223074853185143e-258
1.000000000000000000e+00 3.461565791190600969e-246
1.000000000000000000e+00 1.975752427665870634e-262
1.000000000000000000e+00 2.428517710456059773e-218
1.000000000000000000e+00 1.075277775406339433e-226
1.000000000000000000e+00 3.940637259701192815e-208
1.000000000000000000e+00 3.004766814152335824e-271
1.000000000000000000e+00 6.705998197400234514e-250
1.000000000000000000e+00 3.420618523181395385e-233
1.000000000000000000e+00 5.890736047515665747e-288
1.000000000000000000e+00 7.817955529341197729e-238
1.000000000000000000e+00 6.705998197400234514e-250
1.000000000000000000e+00 4.679774409481079998e-306
1.000000000000000000e+00 3.322473686365469051e-291
1.000000000000000000e+00 4.679774409481079998e-306
1.000000000000000000e+00 3.919758048892341311e-292
1.000000000000000000e+00 6.360400235079235927e-282
1.000000000000000000e+00 9.223397084459761806e-239
1.000000000000000000e+00 3.540421219970044460e-91
1.000000000000000000e+00 2.604926107105773494e-115
1.000000000000000000e+00 3.240202153016971216e-84
1.000000000000000000e+00 2.530185224434765303e-173
1.000000000000000000e+00 7.454549572592465816e-186
1.000000000000000000e+00 1.093945826003450273e-155
9.999999950459823594e-01 4.954017686793058886e-09
1.000000000000000000e+00 2.650150600235895072e-44
1.000000000000000000e+00 1.139742795931665387e-110
1.000000000000000000e+00 2.543662655955666435e-89
1.722286838999860859e-88 1.000000000000000000e+00
1.000000000000000000e+00 7.901464502111232530e-70
2.981793761818463582e-59 1.000000000000000000e+00
3.665104422043038051e-15 1.000000000000000000e+00
1.000000000000000000e+00 1.949894110728137924e-68
1.000000000000000000e+00 5.676912133508715235e-68
6.204061963879506572e-141 1.000000000000000000e+00
2.843188735147087643e-07 9.999997156811395449e-01
1.037762453453262080e-253 1.000000000000000000e+00
0.000000000000000000e+00 1.000000000000000000e+00
1.531015406414819497e-139 1.000000000000000000e+00
3.645685104098040608e-99 1.000000000000000000e+00
3.936352979677288758e-93 1.000000000000000000e+00
1.653082173824414548e-133 1.000000000000000000e+00
3.147821800098203345e-208 1.000000000000000000e+00
0.000000000000000000e+00 1.000000000000000000e+00
0.000000000000000000e+00 1.000000000000000000e+00
2.668163435022353786e-207 1.000000000000000000e+00
0.000000000000000000e+00 1.000000000000000000e+00
0.000000000000000000e+00 1.000000000000000000e+00
0.000000000000000000e+00 1.000000000000000000e+00
0.000000000000000000e+00 1.000000000000000000e+00
2.058849921074023654e-283 1.000000000000000000e+00
0.000000000000000000e+00 1.000000000000000000e+00
0.000000000000000000e+00 1.000000000000000000e+00
2.798235208830108435e-259 1.000000000000000000e+00
0.000000000000000000e+00 1.000000000000000000e+00
0.000000000000000000e+00 1.000000000000000000e+00
0.000000000000000000e+00 1.000000000000000000e+00
0.000000000000000000e+00 1.000000000000000000e+00
0.000000000000000000e+00 1.000000000000000000e+00
0.000000000000000000e+00 1.000000000000000000e+00
0.000000000000000000e+00 1.000000000000000000e+00
0.000000000000000000e+00 1.000000000000000000e+00
0.000000000000000000e+00 1.000000000000000000e+00
0.000000000000000000e+00 1.000000000000000000e+00
0.000000000000000000e+00 1.000000000000000000e+00
0.000000000000000000e+00 1.000000000000000000e+00
0.000000000000000000e+00 1.000000000000000000e+00
8.477013060651642391e-33 1.000000000000000000e+00
9.765728048642546056e-08 9.999999023427269540e-01
1.000000000000000000e+00 2.914836045523247064e-148
1.000000000000000000e+00 7.454549572592465816e-186
1.000000000000000000e+00 6.741718756753342116e-166
1.000000000000000000e+00 1.567596660720112326e-99
0.000000000000000000e+00 1.000000000000000000e+00
1.000000000000000000e+00 7.061368407849584901e-37
1.000000000000000000e+00 1.808213450377366346e-255
1.000000000000000000e+00 2.914836045523247064e-148
1.000000000000000000e+00 1.916619408223593528e-139
1.000000000000000000e+00 3.438838988408857079e-149
1.000000000000000000e+00 8.587825739985723724e-161
1.000000000000000000e+00 5.646833382954165859e-152
1.000000000000000000e+00 3.625691340971584382e-117
1.000000000000000000e+00 3.318241576147681572e-110
1.000000000000000000e+00 1.588385179983332568e-293
1.000000000000000000e+00 0.000000000000000000e+00
1.000000000000000000e+00 9.881312916824930884e-324
1.000000000000000000e+00 2.964393875047479265e-323
1.000000000000000000e+00 4.334210865558156504e-312
1.000000000000000000e+00 2.047558721625293557e-301
1.000000000000000000e+00 2.387075355253506145e-289
1.000000000000000000e+00 8.006248947705787436e-264
1.000000000000000000e+00 3.713015170577809011e-143
6.090422640899907097e-31 1.000000000000000000e+00
1.000000000000000000e+00 0.000000000000000000e+00
1.000000000000000000e+00 0.000000000000000000e+00
1.000000000000000000e+00 0.000000000000000000e+00
1.000000000000000000e+00 0.000000000000000000e+00
1.000000000000000000e+00 1.851763799369064203e-281
1.000000000000000000e+00 3.322473686365469051e-291
1.000000000000000000e+00 1.154857375888910753e-304
0.000000000000000000e+00 1.000000000000000000e+00
1.000000000000000000e+00 0.000000000000000000e+00
1.000000000000000000e+00 0.000000000000000000e+00
1.000000000000000000e+00 0.000000000000000000e+00
1.000000000000000000e+00 0.000000000000000000e+00
1.000000000000000000e+00 0.000000000000000000e+00
1.000000000000000000e+00 0.000000000000000000e+00
1.000000000000000000e+00 0.000000000000000000e+00
1.000000000000000000e+00 0.000000000000000000e+00
1.000000000000000000e+00 0.000000000000000000e+00
1.000000000000000000e+00 0.000000000000000000e+00
1.000000000000000000e+00 0.000000000000000000e+00
1.000000000000000000e+00 0.000000000000000000e+00
1.000000000000000000e+00 0.000000000000000000e+00
1.000000000000000000e+00 0.000000000000000000e+00
1.000000000000000000e+00 0.000000000000000000e+00
1.000000000000000000e+00 0.000000000000000000e+00
1.000000000000000000e+00 0.000000000000000000e+00
1.000000000000000000e+00 0.000000000000000000e+00
1.000000000000000000e+00 0.000000000000000000e+00
1.000000000000000000e+00 0.000000000000000000e+00
1.000000000000000000e+00 0.000000000000000000e+00
1.000000000000000000e+00 0.000000000000000000e+00
1.000000000000000000e+00 0.000000000000000000e+00
1.000000000000000000e+00 0.000000000000000000e+00
1.000000000000000000e+00 0.000000000000000000e+00
1.000000000000000000e+00 0.000000000000000000e+00
1.000000000000000000e+00 0.000000000000000000e+00
1.000000000000000000e+00 0.000000000000000000e+00
1.000000000000000000e+00 0.000000000000000000e+00
1.000000000000000000e+00 0.000000000000000000e+00
1.000000000000000000e+00 0.000000000000000000e+00
1.000000000000000000e+00 0.000000000000000000e+00
1.000000000000000000e+00 8.644581471367004081e-258
1.000000000000000000e+00 6.170037482393469664e-159
1.000000000000000000e+00 6.777629587312437773e-82
1.000000000000000000e+00 5.521062058023002565e-307
1.000000000000000000e+00 0.000000000000000000e+00
1.000000000000000000e+00 0.000000000000000000e+00
1.000000000000000000e+00 0.000000000000000000e+00
1.000000000000000000e+00 1.378779116536249906e-318
1.000000000000000000e+00 0.000000000000000000e+00
1.000000000000000000e+00 1.756331952096701916e-313
1.000000000000000000e+00 2.072069474756444774e-314
1.000000000000000000e+00 0.000000000000000000e+00
1.000000000000000000e+00 0.000000000000000000e+00
1.000000000000000000e+00 0.000000000000000000e+00
1.000000000000000000e+00 9.066000950804295849e-310
1.000000000000000000e+00 0.000000000000000000e+00
1.000000000000000000e+00 5.113376215918926521e-313
1.000000000000000000e+00 8.297226226741937016e-303
1.000000000000000000e+00 2.303362476666771786e-250
1.000000000000000000e+00 5.327442700040981451e-268
1.000000000000000000e+00 9.840968479433322647e-220
1.000000000000000000e+00 3.802442171829450800e-169
1.459848447677787114e-87 1.000000000000000000e+00
7.185303909494502720e-32 1.000000000000000000e+00
3.713708821241100237e-209 1.000000000000000000e+00
1.701913705843539577e-75 1.000000000000000000e+00
6.778895756999897206e-148 1.000000000000000000e+00
3.297071594752634819e-79 1.000000000000000000e+00
1.000000000000000000e+00 1.260252686122039663e-130
1.000000000000000000e+00 3.380155625209500093e-220
1.000000000000000000e+00 1.268581518716756619e-227
1.000000000000000000e+00 1.188971502711770628e-246
1.000000000000000000e+00 1.436498081682717169e-273
1.000000000000000000e+00 3.503003227498757326e-259
1.000000000000000000e+00 1.906464324661232157e-223
1.000000000000000000e+00 5.477827234435847129e-29
1.000000000000000000e+00 3.802442171829450800e-169
1.000000000000000000e+00 2.428517710456059773e-218
1.000000000000000000e+00 1.444149815769324733e-189
1.000000000000000000e+00 1.929286076085090964e-236
1.000000000000000000e+00 2.384034739449849634e-108
1.000093403640718552e-33 1.000000000000000000e+00
1.000000000000000000e+00 5.646833382954165859e-152
1.000000000000000000e+00 1.478931787145505546e-215
1.000000000000000000e+00 9.054452833684260459e-129
1.871893399462418691e-179 1.000000000000000000e+00
9.999999999763247160e-01 2.368382433295259117e-11
2.650645690787809307e-110 1.000000000000000000e+00
1.859603541438340753e-82 1.000000000000000000e+00
1.000000000000000000e+00 6.940867026894722107e-108
1.000000000000000000e+00 6.024928648460883585e-133
1.000000000000000000e+00 1.344635479388659259e-111
1.000000000000000000e+00 3.713015170577809011e-143
1.000000000000000000e+00 2.044950576308813685e-120
1.000000000000000000e+00 8.341422713703922282e-219
1.000000000000000000e+00 9.114292437847571660e-226
1.000000000000000000e+00 9.660712221194167314e-110
2.368824885099600057e-77 1.000000000000000000e+00
0.000000000000000000e+00 1.000000000000000000e+00
1.013356037778313534e-227 1.000000000000000000e+00
2.779863482401236220e-162 1.000000000000000000e+00
1.086966583459184372e-124 1.000000000000000000e+00
4.761910074344135155e-301 1.000000000000000000e+00
0.000000000000000000e+00 1.000000000000000000e+00
0.000000000000000000e+00 1.000000000000000000e+00
0.000000000000000000e+00 1.000000000000000000e+00
0.000000000000000000e+00 1.000000000000000000e+00
0.000000000000000000e+00 1.000000000000000000e+00
0.000000000000000000e+00 1.000000000000000000e+00
0.000000000000000000e+00 1.000000000000000000e+00
0.000000000000000000e+00 1.000000000000000000e+00
6.353485176964171573e-167 1.000000000000000000e+00
1.228706070310815919e-02 9.877129392968790889e-01
5.551507784537405962e-289 1.000000000000000000e+00
0.000000000000000000e+00 1.000000000000000000e+00
0.000000000000000000e+00 1.000000000000000000e+00
0.000000000000000000e+00 1.000000000000000000e+00
0.000000000000000000e+00 1.000000000000000000e+00
0.000000000000000000e+00 1.000000000000000000e+00
2.985596763962216669e-240 1.000000000000000000e+00
1.000000000000000000e+00 2.069430107934291898e-133
1.000000000000000000e+00 1.230613676915788047e-104
1.000000000000000000e+00 8.947346648446633388e-116
1.000000000000000000e+00 5.106862884658994306e-132
5.640694118191399454e-37 1.000000000000000000e+00
0.000000000000000000e+00 1.000000000000000000e+00
0.000000000000000000e+00 1.000000000000000000e+00
0.000000000000000000e+00 1.000000000000000000e+00
0.000000000000000000e+00 1.000000000000000000e+00
0.000000000000000000e+00 1.000000000000000000e+00
0.000000000000000000e+00 1.000000000000000000e+00
0.000000000000000000e+00 1.000000000000000000e+00
0.000000000000000000e+00 1.000000000000000000e+00
0.000000000000000000e+00 1.000000000000000000e+00
3.894750464891085151e-261 1.000000000000000000e+00
7.410984687618698163e-323 1.000000000000000000e+00
0.000000000000000000e+00 1.000000000000000000e+00
0.000000000000000000e+00 1.000000000000000000e+00
0.000000000000000000e+00 1.000000000000000000e+00
0.000000000000000000e+00 1.000000000000000000e+00
0.000000000000000000e+00 1.000000000000000000e+00
0.000000000000000000e+00 1.000000000000000000e+00
0.000000000000000000e+00 1.000000000000000000e+00
0.000000000000000000e+00 1.000000000000000000e+00
0.000000000000000000e+00 1.000000000000000000e+00
0.000000000000000000e+00 1.000000000000000000e+00
0.000000000000000000e+00 1.000000000000000000e+00
0.000000000000000000e+00 1.000000000000000000e+00
0.000000000000000000e+00 1.000000000000000000e+00
0.000000000000000000e+00 1.000000000000000000e+00
0.000000000000000000e+00 1.000000000000000000e+00
2.276540946446354464e-303 1.000000000000000000e+00
0.000000000000000000e+00 1.000000000000000000e+00
0.000000000000000000e+00 1.000000000000000000e+00
0.000000000000000000e+00 1.000000000000000000e+00
0.000000000000000000e+00 1.000000000000000000e+00
0.000000000000000000e+00 1.000000000000000000e+00
1.306299013244045328e-235 1.000000000000000000e+00
0.000000000000000000e+00 1.000000000000000000e+00
0.000000000000000000e+00 1.000000000000000000e+00
0.000000000000000000e+00 1.000000000000000000e+00
6.472032902894369684e-277 1.000000000000000000e+00
0.000000000000000000e+00 1.000000000000000000e+00
0.000000000000000000e+00 1.000000000000000000e+00
0.000000000000000000e+00 1.000000000000000000e+00
0.000000000000000000e+00 1.000000000000000000e+00
3.522320430803811971e-241 1.000000000000000000e+00
9.999999997992574663e-01 2.007493374418973607e-10
1.000000000000000000e+00 5.292465540319022994e-171
0.000000000000000000e+00 1.000000000000000000e+00
0.000000000000000000e+00 1.000000000000000000e+00
0.000000000000000000e+00 1.000000000000000000e+00
0.000000000000000000e+00 1.000000000000000000e+00
0.000000000000000000e+00 1.000000000000000000e+00
0.000000000000000000e+00 1.000000000000000000e+00
2.400238808711837975e-271 1.000000000000000000e+00
4.787275141024255027e-217 1.000000000000000000e+00
6.707250970861428883e-316 1.000000000000000000e+00
0.000000000000000000e+00 1.000000000000000000e+00
4.818913568709616545e-314 1.000000000000000000e+00
0.000000000000000000e+00 1.000000000000000000e+00
1.884264479426281019e-276 1.000000000000000000e+00
0.000000000000000000e+00 1.000000000000000000e+00
1.000000000000000000e+00 1.159530032931156761e-39
1.724483456560989562e-269 1.000000000000000000e+00
2.636601416595600775e-194 1.000000000000000000e+00
0.000000000000000000e+00 1.000000000000000000e+00
1.147489524995852824e-273 1.000000000000000000e+00
2.880894204466633792e-201 1.000000000000000000e+00
1.000000000000000000e+00 5.134065397006468560e-48
9.323660030986712645e-137 1.000000000000000000e+00
9.385278787614792566e-234 1.000000000000000000e+00
0.000000000000000000e+00 1.000000000000000000e+00
2.685796951557427382e-304 1.000000000000000000e+00
0.000000000000000000e+00 1.000000000000000000e+00
2.182282028996754272e-167 1.000000000000000000e+00
8.040144699813780193e-65 1.000000000000000000e+00
1.661887577312925580e-49 1.000000000000000000e+00
7.062687584489951992e-103 1.000000000000000000e+00
2.633242958761225006e-13 9.999999999997442046e-01
1.837606072895915239e-69 1.000000000000000000e+00
1.055779195202270124e-182 1.000000000000000000e+00
1.201896218530885734e-144 1.000000000000000000e+00
1.290846648902633946e-222 1.000000000000000000e+00
4.534776127164614318e-68 1.000000000000000000e+00
1.000000000000000000e+00 8.145246575916187563e-193
1.000000000000000000e+00 4.176886224980621556e-92
1.000000000000000000e+00 1.230613676915788047e-104
6.663214736998821815e-219 1.000000000000000000e+00
0.000000000000000000e+00 1.000000000000000000e+00
0.000000000000000000e+00 1.000000000000000000e+00
0.000000000000000000e+00 1.000000000000000000e+00
1.787157688551208299e-308 1.000000000000000000e+00
0.000000000000000000e+00 1.000000000000000000e+00
0.000000000000000000e+00 1.000000000000000000e+00
0.000000000000000000e+00 1.000000000000000000e+00
0.000000000000000000e+00 1.000000000000000000e+00
0.000000000000000000e+00 1.000000000000000000e+00
5.349997291866837636e-69 1.000000000000000000e+00
5.915675432995847474e-89 1.000000000000000000e+00
0.000000000000000000e+00 1.000000000000000000e+00
0.000000000000000000e+00 1.000000000000000000e+00
0.000000000000000000e+00 1.000000000000000000e+00
2.458047933935977700e-297 1.000000000000000000e+00
1.126471048147657524e-163 1.000000000000000000e+00
4.410281474934892117e-307 1.000000000000000000e+00
2.487472538532084799e-310 1.000000000000000000e+00
2.223000558224443377e-277 1.000000000000000000e+00
0.000000000000000000e+00 1.000000000000000000e+00
4.433773536309787562e-223 1.000000000000000000e+00
2.021138126366406799e-173 1.000000000000000000e+00
6.245063736030609062e-238 1.000000000000000000e+00
6.463788937956992345e-96 1.000000000000000000e+00
7.545195201349732536e-265 1.000000000000000000e+00
8.635183040290254339e-143 1.000000000000000000e+00
0.000000000000000000e+00 1.000000000000000000e+00
0.000000000000000000e+00 1.000000000000000000e+00
4.177666534181458837e-158 1.000000000000000000e+00
9.548217949266119023e-163 1.000000000000000000e+00
3.936352979677288758e-93 1.000000000000000000e+00
2.861979782971942026e-104 1.000000000000000000e+00
1.479208075277297399e-281 1.000000000000000000e+00
0.000000000000000000e+00 1.000000000000000000e+00
0.000000000000000000e+00 1.000000000000000000e+00
0.000000000000000000e+00 1.000000000000000000e+00
6.429540971721929874e-180 1.000000000000000000e+00
1.025486639592478269e-240 1.000000000000000000e+00
4.649918012678741181e-275 1.000000000000000000e+00
1.132471374238008525e-79 1.000000000000000000e+00
6.387328019998745236e-83 1.000000000000000000e+00
1.101381019022223621e-318 1.000000000000000000e+00
0.000000000000000000e+00 1.000000000000000000e+00
0.000000000000000000e+00 1.000000000000000000e+00
5.449821245977569241e-179 1.000000000000000000e+00
1.201896218530885734e-144 1.000000000000000000e+00
0.000000000000000000e+00 1.000000000000000000e+00
0.000000000000000000e+00 1.000000000000000000e+00
0.000000000000000000e+00 1.000000000000000000e+00
4.481133728128116134e-55 1.000000000000000000e+00
5.783916217411360838e-244 1.000000000000000000e+00
0.000000000000000000e+00 1.000000000000000000e+00
2.425877414172783543e-103 1.000000000000000000e+00
1.165924225551581216e-21 1.000000000000000000e+00
1.633527670779180602e-120 1.000000000000000000e+00
2.208405517047485382e-180 1.000000000000000000e+00
2.343789256229759501e-245 1.000000000000000000e+00
1.173629654628044539e-118 1.000000000000000000e+00
8.589430083287674898e-227 1.000000000000000000e+00
1.000000000000000000e+00 1.251978536221648720e-33
0.000000000000000000e+00 1.000000000000000000e+00
2.124482277117360140e-322 1.000000000000000000e+00
8.050399160716758635e-246 1.000000000000000000e+00
4.250195597854093914e-87 1.000000000000000000e+00
1.252212425850943344e-99 1.000000000000000000e+00
7.358360078713147084e-58 1.000000000000000000e+00
1.000000000000000000e+00 4.811876383219635853e-67
1.000000000000000000e+00 2.425424306089710458e-37
1.000000000000000000e+00 8.091769212291813440e-96
1.000000000000000000e+00 4.927769169966791974e-93
1.000000000000000000e+00 8.736920205706110795e-90
1.000000000000000000e+00 9.272526966890795521e-155
1.000000000000000000e+00 2.500255366460802782e-160
1.000000000000000000e+00 1.260252686122039663e-130
1.000000000000000000e+00 3.521662527877111825e-175
1.000000000000000000e+00 5.714430046647637825e-165
1.000000000000000000e+00 1.427066798106554263e-176
1.000000000000000000e+00 3.563819365416786748e-188
1.000000000000000000e+00 1.353521985984061029e-208
1.000000000000000000e+00 4.154755264363199040e-176
1.000000000000000000e+00 5.046453204229255210e-119
1.000000000000000000e+00 1.859256202619345786e-16
1.000000000000000000e+00 2.604926107105773494e-115
1.000000000000000000e+00 3.053039129718992238e-19
1.000000000000000000e+00 1.973235747979861359e-81
1.000000000000000000e+00 9.946086648205181464e-52
1.000000000000000000e+00 4.030406069399191292e-53
1.258882533263433743e-15 1.000000000000000000e+00
1.000000000000000000e+00 1.335807316876574109e-14
6.018378316678075612e-18 1.000000000000000000e+00
1.000000000000000000e+00 1.030756494457760272e-90
1.000000000000000000e+00 2.500255366460802782e-160
1.000000000000000000e+00 1.644016296640019198e-151
1.000000000000000000e+00 6.548284474980831583e-224
1.000000000000000000e+00 5.684152509860241231e-249
1.000000000000000000e+00 1.952381020314771041e-249
1.000000000000000000e+00 3.420618523181395385e-233
1.000000000000000000e+00 5.616914002702938003e-236
1.000000000000000000e+00 2.303362476666771786e-250
1.000000000000000000e+00 2.108042967875193061e-243
1.000000000000000000e+00 2.457588817007561732e-231
1.000000000000000000e+00 2.749969931716894081e-264
1.000000000000000000e+00 1.514551473223947209e-241
1.000000000000000000e+00 2.083106680197674515e-230
1.000000000000000000e+00 1.496635666091804428e-228
1.000000000000000000e+00 8.794661281430354364e-187
1.000000000000000000e+00 4.486010941075031754e-170
1.000000000000000000e+00 9.712171531833207659e-26
3.219530053737312838e-53 1.000000000000000000e+00
3.037430134585446632e-169 1.000000000000000000e+00
0.000000000000000000e+00 1.000000000000000000e+00
1.377277923452497212e-203 1.000000000000000000e+00
3.398795389197801761e-202 1.000000000000000000e+00
3.090163391729399777e-98 1.000000000000000000e+00
1.320252493578217276e-67 1.000000000000000000e+00
1.839949769475159723e-250 1.000000000000000000e+00
1.986647653521996148e-244 1.000000000000000000e+00
3.340795365079913886e-273 1.000000000000000000e+00
1.067056700648371316e-14 1.000000000000000000e+00
1.000000000000000000e+00 7.766626984929445839e-141
1.000000000000000000e+00 2.119271791942291523e-159
1.000000000000000000e+00 1.663696356095293104e-164
1.000000000000000000e+00 5.229860344294598700e-158
1.000000000000000000e+00 2.865094727913711474e-219
1.000000000000000000e+00 2.196294120823800931e-198
1.000000000000000000e+00 3.521662527877111825e-175
1.000000000000000000e+00 1.724161355624222152e-203
1.000000000000000000e+00 2.058465366794560402e-217
1.000000000000000000e+00 1.037568619027797044e-187
1.000000000000000000e+00 1.147275195625904380e-207
1.000000000000000000e+00 2.685295295414061095e-238
1.000000000000000000e+00 8.145246575916187563e-193
1.000000000000000000e+00 6.548284474980831583e-224
1.000000000000000000e+00 4.357297724800936992e-228
1.000000000000000000e+00 4.927769169966791974e-93
1.000000000000000000e+00 2.530185224434765303e-173
2.105751093291954925e-128 1.000000000000000000e+00
3.476220890815535095e-47 1.000000000000000000e+00
1.391989578456176615e-35 1.000000000000000000e+00
4.838411327193618217e-49 1.000000000000000000e+00
5.258700247936478096e-140 1.000000000000000000e+00
1.386380159361692759e-300 1.000000000000000000e+00
2.083495837869733069e-296 1.000000000000000000e+00
3.106623635473108715e-14 9.999999999999715783e-01
2.544137852855227974e-155 1.000000000000000000e+00
8.843159169956040193e-169 1.000000000000000000e+00
1.713161413944143053e-172 1.000000000000000000e+00
2.108436784041109405e-309 1.000000000000000000e+00
6.619467607421263133e-122 1.000000000000000000e+00
3.583471937446434749e-170 1.000000000000000000e+00
8.376737478252315164e-20 1.000000000000000000e+00
1.000000000000000000e+00 1.549053375839471526e-86
1.000000000000000000e+00 7.108035997609432662e-134
1.000000000000000000e+00 9.660712221194167314e-110
1.000000000000000000e+00 4.901659704787042222e-177
1.000000000000000000e+00 4.818013486479249525e-248
1.000000000000000000e+00 8.748063339328554312e-271
1.000000000000000000e+00 5.752195910390892490e-262
1.000000000000000000e+00 5.140613422555121779e-229
1.000000000000000000e+00 1.238746629469796141e-201
1.000000000000000000e+00 1.330424300233351134e-279
1.000000000000000000e+00 5.782835891103602973e-178
1.000000000000000000e+00 6.024928648460883585e-133
9.538564590463412263e-02 9.046143540953611728e-01
1.000000000000000000e+00 2.080453254500863770e-49
1.000000000000000000e+00 1.904035902977021280e-42
1.000000000000000000e+00 5.852060602798738112e-191
1.000000000000000000e+00 2.653530622206056098e-225
1.000000000000000000e+00 5.993005954977261425e-217
1.000000000000000000e+00 1.827528224837678305e-87
1.000000000000000000e+00 1.427066798106554263e-176
1.000000000000000000e+00 8.242751045439701129e-206
1.000000000000000000e+00 3.649653024644287266e-214
1.000000000000000000e+00 1.253575319045248705e-214
1.000000000000000000e+00 1.596845964705759984e-209
1.000000000000000000e+00 5.714430046647637825e-165
1.000000000000000000e+00 4.539711723859966574e-183
1.000000000000000000e+00 1.765687331850668946e-229
1.000000000000000000e+00 3.402494728921704448e-317
1.000000000000000000e+00 5.684152509860241231e-249
1.000000000000000000e+00 5.890736047515665747e-288
1.000000000000000000e+00 2.457588817007561732e-231
1.000000000000000000e+00 1.126260644633668360e-97
1.000000000000000000e+00 2.797712551343768043e-193
1.000000000000000000e+00 3.168033471883145373e-239
1.000000000000000000e+00 9.114292437847571660e-226
1.000000000000000000e+00 4.818013486479249525e-248
1.000000000000000000e+00 1.765687331850668946e-229
1.000000000000000000e+00 1.883912534412467536e-210
1.000000000000000000e+00 1.744800809172957649e-216
1.000000000000000000e+00 1.088149625031054562e-239
1.000000000000000000e+00 2.622141697045327164e-212
1.000000000000000000e+00 7.725476015833560648e-225
1.000000000000000000e+00 1.906464324661232157e-223
1.000000000000000000e+00 2.797712551343768043e-193
1.000000000000000000e+00 2.831203186116583942e-206
1.000000000000000000e+00 1.906464324661232157e-223
1.000000000000000000e+00 8.441275552930557638e-232
1.000000000000000000e+00 4.960336102713802546e-190
1.000000000000000000e+00 3.894022999064953807e-195
1.000000000000000000e+00 1.141196432450170999e-291
1.000000000000000000e+00 5.455752766959043106e-294
1.000000000000000000e+00 2.608248449416785074e-296
1.000000000000000000e+00 8.102089515482759107e-277
1.000000000000000000e+00 5.327442700040981451e-268
1.000000000000000000e+00 4.282940976545463549e-299
1.000000000000000000e+00 1.551029050143725380e-267
1.000000000000000000e+00 1.032071129028686468e-271
1.000000000000000000e+00 3.205957114862097314e-252
1.000000000000000000e+00 1.596845964705759984e-209
1.859603541438340753e-82 1.000000000000000000e+00
4.352560449485584495e-113 1.000000000000000000e+00
4.481133728128116134e-55 1.000000000000000000e+00
6.387328019998745236e-83 1.000000000000000000e+00
1.000000000000000000e+00 1.006514847076226493e-64
0.000000000000000000e+00 1.000000000000000000e+00
0.000000000000000000e+00 1.000000000000000000e+00
0.000000000000000000e+00 1.000000000000000000e+00
0.000000000000000000e+00 1.000000000000000000e+00
2.368824885099600057e-77 1.000000000000000000e+00
1.000000000000000000e+00 1.494729277150827802e-47
3.476220890815535095e-47 1.000000000000000000e+00
1.000000000000000000e+00 2.327966279236584239e-82
1.000000000000000000e+00 2.069430107934291898e-133
1.000000000000000000e+00 1.061204719935289447e-32
3.645685104098040608e-99 1.000000000000000000e+00
1.784881237624270089e-127 1.000000000000000000e+00
0.000000000000000000e+00 1.000000000000000000e+00
1.209839381446091874e-241 1.000000000000000000e+00
2.313114134903778553e-51 1.000000000000000000e+00
1.000000000000000000e+00 2.055843328782787306e-36
1.881864335528367071e-95 1.000000000000000000e+00
1.000000000000000000e+00 3.438838988408857079e-149
1.000000000000000000e+00 9.893387953509784364e-136
1.000000000000000000e+00 8.690628200950594288e-174
1.000000000000000000e+00 7.108035997609432662e-134
1.000000000000000000e+00 1.883912534412467536e-210
1.000000000000000000e+00 3.201873421462515461e-71
1.048847509659953749e-85 1.000000000000000000e+00
7.945036884520532767e-52 1.000000000000000000e+00
1.784881237624270089e-127 1.000000000000000000e+00
2.544137852855227974e-155 1.000000000000000000e+00
5.745942094972159193e-147 1.000000000000000000e+00
1.216283782138988518e-157 1.000000000000000000e+00
1.375523570361721996e-22 1.000000000000000000e+00
1.000000000000000000e+00 6.940867026894722107e-108
1.000000000000000000e+00 0.000000000000000000e+00
1.000000000000000000e+00 1.514551473223947209e-241
1.000000000000000000e+00 2.384034739449849634e-108
1.000000000000000000e+00 2.020760615935974357e-107
1.000000000000000000e+00 5.514029423499910431e-126
1.000000000000000000e+00 1.195304747350612422e-162
1.000000000000000000e+00 1.013166762010778696e-161
1.000000000000000000e+00 1.986276585260610846e-178
1.000000000000000000e+00 3.036862800004511654e-103
1.000000000000000000e+00 6.940867026894722107e-108
1.000000000000000000e+00 4.057042455744548091e-150
1.000000000000000000e+00 1.624569034917045010e-138
1.000000000000000000e+00 6.097051384867612278e-146
1.000000000000000000e+00 2.119271791942291523e-159
1.000000000000000000e+00 4.432945391154269613e-157
1.000000000000000000e+00 3.757462637106855286e-156
1.000000000000000000e+00 1.410185857464016424e-163
1.000000000000000000e+00 1.275338818688482598e-143
1.000000000000000000e+00 1.683612000040182148e-177
1.000000000000000000e+00 2.470679552288395561e-147
1.000000000000000000e+00 9.162841157129052793e-142
1.000000000000000000e+00 8.947346648446633388e-116
1.000000000000000000e+00 1.112937975284715825e-84
1.000000000000000000e+00 4.127477347608826332e-79
1.000000000000000000e+00 2.483840017442298342e-63
1.000000000000000000e+00 7.674754642794317933e-128
1.000000000000000000e+00 4.843677396857888429e-164
1.000000000000000000e+00 4.673813392795693165e-125
1.000000000000000000e+00 3.110004847891580707e-129
1.000000000000000000e+00 8.188633519242783818e-109
1.000000000000000000e+00 2.261171964395426649e-140
1.000000000000000000e+00 6.394279912263498532e-198
1.000000000000000000e+00 6.024928648460883585e-133
1.000000000000000000e+00 2.094202677187011839e-146
1.000000000000000000e+00 1.939562723314515179e-152
1.000000000000000000e+00 3.847960143986894236e-182
1.000000000000000000e+00 3.300660088483109146e-194
1.000000000000000000e+00 1.001181893472607282e-148
1.000000000000000000e+00 2.699598945245919950e-154
1.000000000000000000e+00 1.275338818688482598e-143
1.000000000000000000e+00 9.495853358667685052e-181
1.000000000000000000e+00 1.926828584444709553e-55
7.666410612152745697e-13 9.999999999992326138e-01
6.018378316678075612e-18 1.000000000000000000e+00
1.502971915671293673e-29 1.000000000000000000e+00
1.000000000000000000e+00 1.567596660720112326e-99
1.000000000000000000e+00 9.054452833684260459e-129
1.000000000000000000e+00 6.394279912263498532e-198
1.000000000000000000e+00 9.609525564391109134e-194
1.000000000000000000e+00 3.894022999064953807e-195
1.000000000000000000e+00 1.469221906392395297e-118
1.000000000000000000e+00 6.822421987150024020e-179
1.000000000000000000e+00 6.904091293354888103e-192
1.000000000000000000e+00 2.130560428118707011e-75
2.285752036323295518e-38 1.000000000000000000e+00
3.517833759224105786e-60 1.000000000000000000e+00
3.279602274860725595e-163 1.000000000000000000e+00
1.025486639592478269e-240 1.000000000000000000e+00
0.000000000000000000e+00 1.000000000000000000e+00
1.000000000000000000e+00 1.139742795931665387e-110
1.000000000000000000e+00 2.513573371863684223e-76
1.000000000000000000e+00 1.043095392275912397e-103
1.000000000000000000e+00 1.861627511938300866e-197
1.000000000000000000e+00 6.741718756753342116e-166
1.000000000000000000e+00 2.914836045523247064e-148
1.000000000000000000e+00 5.167995712479230008e-145
1.000000000000000000e+00 1.540845817047692720e-170
1.000000000000000000e+00 3.782295178726078451e-253
1.000000000000000000e+00 1.654881368912103446e-248
1.000000000000000000e+00 5.419933191474546843e-197
1.000000000000000000e+00 4.083854878212387328e-247
1.000000000000000000e+00 1.037568619027797044e-187
1.000000000000000000e+00 2.865094727913711474e-219
1.000000000000000000e+00 6.210814391539709997e-256
1.000000000000000000e+00 1.496635666091804428e-228
1.000000000000000000e+00 1.253575319045248705e-214
1.000000000000000000e+00 9.223397084459761806e-239
1.000000000000000000e+00 1.007798563667613182e-245
1.000000000000000000e+00 1.786823881252641934e-242
1.000000000000000000e+00 1.075277775406339433e-226
1.000000000000000000e+00 7.817955529341197729e-238
1.000000000000000000e+00 1.635305582974786713e-235
1.000000000000000000e+00 2.108042967875193061e-243
1.000000000000000000e+00 8.899939712831111810e-200
1.000000000000000000e+00 1.906464324661232157e-223
1.000000000000000000e+00 7.859599105186772873e-154
1.000000000000000000e+00 2.130560428118707011e-75
1.000000000000000000e+00 1.093945826003450273e-155
1.000000000000000000e+00 1.577956686376101028e-196
1.000000000000000000e+00 3.205957114862097314e-252
1.000000000000000000e+00 3.205957114862097314e-252
1.000000000000000000e+00 5.202150268633299423e-242
1.000000000000000000e+00 5.684152509860241231e-249
1.000000000000000000e+00 1.402714079206536178e-247
1.000000000000000000e+00 2.108042967875193061e-243
1.000000000000000000e+00 5.550470867738216858e-223
1.000000000000000000e+00 2.249191291471663244e-224
1.000000000000000000e+00 3.873390770891240285e-279
1.000000000000000000e+00 6.436538808061462964e-295
1.000000000000000000e+00 0.000000000000000000e+00
1.000000000000000000e+00 0.000000000000000000e+00
1.000000000000000000e+00 0.000000000000000000e+00
1.000000000000000000e+00 2.072069474756444774e-314
1.000000000000000000e+00 0.000000000000000000e+00
1.000000000000000000e+00 0.000000000000000000e+00
1.000000000000000000e+00 0.000000000000000000e+00
1.000000000000000000e+00 3.402494728921704448e-317
1.000000000000000000e+00 5.521062058023002565e-307
1.000000000000000000e+00 4.282940976545463549e-299
1.000000000000000000e+00 2.816202239755675610e-290
1.000000000000000000e+00 7.911542089253338774e-251
1.000000000000000000e+00 9.958771961781347392e-233
1.000000000000000000e+00 1.299134973483395409e-253
1.000000000000000000e+00 5.993005954977261425e-217
1.000000000000000000e+00 1.167193203688669173e-136
1.000000000000000000e+00 1.522618971037114929e-157
1.000000000000000000e+00 8.188633519242783818e-109
1.000000000000000000e+00 4.226886562213709687e-105
1.000000000000000000e+00 1.744800809172957649e-216
1.000000000000000000e+00 3.987809526621197495e-221
1.000000000000000000e+00 2.880356107843556933e-135
1.000000000000000000e+00 1.434668294969250510e-92
1.000000000000000000e+00 6.583164947266127623e-140
1.000000000000000000e+00 2.196294120823800931e-198
1.000000000000000000e+00 3.184908502914113315e-155
1.000000000000000000e+00 2.797712551343768043e-193
1.000000000000000000e+00 4.132741563202844713e-260
1.000000000000000000e+00 1.896363047149178420e-307
1.000000000000000000e+00 6.032612887694061406e-314
1.000000000000000000e+00 0.000000000000000000e+00
1.000000000000000000e+00 0.000000000000000000e+00
1.000000000000000000e+00 2.884029749973717112e-316
1.000000000000000000e+00 4.940656458412465442e-324
1.000000000000000000e+00 3.283171755188726007e-278
1.000000000000000000e+00 4.462242103207264180e-254
1.000000000000000000e+00 3.847960143986894236e-182
1.000000000000000000e+00 5.883232528580576308e-107
1.000000000000000000e+00 4.300270141799015351e-34
1.000000000000000000e+00 1.282132112489009893e-59
1.000000000000000000e+00 1.266965621252905535e-46
1.000000000000000000e+00 7.674754642794317933e-128
1.000000000000000000e+00 4.761020639483561673e-235
1.000000000000000000e+00 6.360400235079235927e-282
1.000000000000000000e+00 2.210809119491348820e-295
1.000000000000000000e+00 9.673033566088497415e-291
1.000000000000000000e+00 2.047558721625293557e-301
1.000000000000000000e+00 5.052889488527383266e-300
1.000000000000000000e+00 7.503815641321579443e-283
1.000000000000000000e+00 1.402714079206536178e-247
1.000000000000000000e+00 5.616914002702938003e-236
1.000000000000000000e+00 3.606480850672498742e-201
1.000000000000000000e+00 2.880356107843556933e-135
1.000000000000000000e+00 4.729762306224713205e-138
1.000000000000000000e+00 7.901464502111232530e-70
1.000000000000000000e+00 1.018563554911009441e-77
1.000000000000000000e+00 5.543400772778432841e-42
1.000000000000000000e+00 3.498541161840663084e-78
1.000000000000000000e+00 4.456558175452981680e-73
1.000000000000000000e+00 1.367979887445951528e-40
1.000000000000000000e+00 1.444149815769324733e-189
1.000000000000000000e+00 2.058465366794560402e-217
1.000000000000000000e+00 2.899391975883825994e-232
1.000000000000000000e+00 5.890736047515665747e-288
1.000000000000000000e+00 9.333807792297466904e-252
1.000000000000000000e+00 2.330935384904052121e-263
1.000000000000000000e+00 3.544936699770344443e-272
1.000000000000000000e+00 1.596845964705759984e-209
1.000000000000000000e+00 6.777629587312437773e-82
1.000000000000000000e+00 4.729762306224713205e-138
1.000000000000000000e+00 2.934099786619130255e-245
1.000000000000000000e+00 4.569714039576041518e-280
1.000000000000000000e+00 2.330935384904052121e-263
1.000000000000000000e+00 7.155012006901092611e-231
1.000000000000000000e+00 2.985039110881532423e-174
1.000000000000000000e+00 3.480004368514830568e-162
1.000000000000000000e+00 3.521662527877111825e-175
1.000000000000000000e+00 4.254821460475361417e-202
1.000000000000000000e+00 1.692580025473663877e-93
1.000000000000000000e+00 5.073333934865547252e-35
1.000000000000000000e+00 1.013166762010778696e-161
1.000000000000000000e+00 1.075277775406339433e-226
1.000000000000000000e+00 1.056928292791114317e-297
1.000000000000000000e+00 0.000000000000000000e+00
1.000000000000000000e+00 2.237274097366839161e-308
1.000000000000000000e+00 3.402494728921704448e-317
1.000000000000000000e+00 0.000000000000000000e+00
1.000000000000000000e+00 2.816202239755675610e-290
1.000000000000000000e+00 3.873390770891240285e-279
1.000000000000000000e+00 0.000000000000000000e+00
1.000000000000000000e+00 0.000000000000000000e+00
1.000000000000000000e+00 0.000000000000000000e+00
1.000000000000000000e+00 2.415650366956017585e-302
1.000000000000000000e+00 4.624416808749471378e-293
1.000000000000000000e+00 5.113376215918926521e-313
1.000000000000000000e+00 0.000000000000000000e+00
1.000000000000000000e+00 0.000000000000000000e+00
1.000000000000000000e+00 5.890736047515665747e-288
1.000000000000000000e+00 2.816202239755675610e-290
1.000000000000000000e+00 3.673773067712890167e-311
1.000000000000000000e+00 1.851763799369064203e-281
1.000000000000000000e+00 4.132741563202844713e-260
1.000000000000000000e+00 1.299134973483395409e-253
1.000000000000000000e+00 2.831203186116583942e-206
1.000000000000000000e+00 4.078652933642465647e-66
1.000000000000000000e+00 8.091769212291813440e-96
1.000000000000000000e+00 5.953659060362317539e-120
1.000000000000000000e+00 2.327966279236584239e-82
8.578489014013009929e-46 1.000000000000000000e+00
1.000000000000000000e+00 1.973235747979861359e-81
1.000000000000000000e+00 4.869478010107624742e-80
1.000000000000000000e+00 7.859599105186772873e-154
1.000000000000000000e+00 3.563819365416786748e-188
1.000000000000000000e+00 5.484813696412258456e-210
1.000000000000000000e+00 1.775092544510324118e-145
1.000000000000000000e+00 4.432945391154269613e-157
1.000000000000000000e+00 9.495853358667685052e-181
1.000000000000000000e+00 3.398160558418623608e-136
1.000000000000000000e+00 7.231439622866082728e-63
1.000000000000000000e+00 2.055843328782787306e-36
1.000000000000000000e+00 2.412573352791763635e-121
1.000000000000000000e+00 1.367979887445951528e-40
9.999744285351460649e-01 2.557146485493411013e-05
1.914535650267810910e-24 1.000000000000000000e+00
1.000000000000000000e+00 4.078652933642465647e-66
1.360985941249239416e-190 1.000000000000000000e+00
7.185303909494502720e-32 1.000000000000000000e+00
1.849750552748720351e-166 1.000000000000000000e+00
1.642228914113408299e-36 1.000000000000000000e+00
1.000000000000000000e+00 4.754956132736522315e-54
9.373323979859021596e-53 1.000000000000000000e+00
1.000000000000000000e+00 1.805910178979813645e-74
1.000000000000000000e+00 5.106862884658994306e-132
1.000000000000000000e+00 5.384348788301621593e-100
1.000000000000000000e+00 2.500255366460802782e-160
1.000000000000000000e+00 1.559290851536736009e-183
1.000000000000000000e+00 6.318641224719363111e-185
1.000000000000000000e+00 1.073908104947974269e-45
3.495163409366532775e-02 9.650483659063341380e-01
4.781177191743961943e-36 1.000000000000000000e+00
1.000000000000000000e+00 1.043095392275912397e-103
1.000000000000000000e+00 2.636108949251097514e-128
1.000000000000000000e+00 1.195304747350612422e-162
1.000000000000000000e+00 6.986738239994516072e-205
1.000000000000000000e+00 2.457588817007561732e-231
1.000000000000000000e+00 1.174907019263052955e-233
1.000000000000000000e+00 5.484813696412258456e-210
1.000000000000000000e+00 4.409457717659258820e-241
1.000000000000000000e+00 2.158814632538496619e-269
1.000000000000000000e+00 4.357297724800936992e-228
1.000000000000000000e+00 2.133277760880857724e-256
1.000000000000000000e+00 9.840968479433322647e-220
1.000000000000000000e+00 1.596845964705759984e-209
1.000000000000000000e+00 3.380155625209500093e-220
1.000000000000000000e+00 6.867510413653178765e-276
1.000000000000000000e+00 7.240662655247338493e-244
1.000000000000000000e+00 2.303362476666771786e-250
1.000000000000000000e+00 2.764618081220309545e-180
1.000000000000000000e+00 8.736920205706110795e-90
1.000000000000000000e+00 2.604926107105773494e-115
1.000000000000000000e+00 8.995006104589982495e-32
1.000000000000000000e+00 7.674754642794317933e-128
1.000000000000000000e+00 3.802442171829450800e-169
1.000000000000000000e+00 6.777629587312437773e-82
1.000000000000000000e+00 1.275338818688482598e-143
1.000000000000000000e+00 1.559290851536736009e-183
1.000000000000000000e+00 6.904091293354888103e-192
1.000000000000000000e+00 1.881512838813478369e-29
6.163329387584978991e-44 1.000000000000000000e+00
1.000000000000000000e+00 1.201671727018709036e-78
1.000000000000000000e+00 1.112937975284715825e-84
9.435270958534541853e-150 1.000000000000000000e+00
2.285752036323295518e-38 1.000000000000000000e+00
1.000000000000000000e+00 4.057042455744548091e-150
1.000000000000000000e+00 5.484813696412258456e-210
1.000000000000000000e+00 1.952381020314771041e-249
1.000000000000000000e+00 4.515658355877278808e-267
1.000000000000000000e+00 5.953659060362317539e-120
1.000000000000000000e+00 8.633570151192021232e-77
1.000000000000000000e+00 3.669093478346913131e-130
1.000000000000000000e+00 6.822421987150024020e-179
1.000000000000000000e+00 1.975752427665870634e-262
1.000000000000000000e+00 2.034115538379826161e-204
1.000000000000000000e+00 2.530185224434765303e-173
1.000000000000000000e+00 2.779344256411301240e-96
1.000000000000000000e+00 1.120293225692130723e-181
1.000000000000000000e+00 1.346350437573257484e-292
1.000000000000000000e+00 4.761020639483561673e-235
1.000000000000000000e+00 1.268581518716756619e-227
1.000000000000000000e+00 8.341422713703922282e-219
1.000000000000000000e+00 7.634090453344591376e-212
1.000000000000000000e+00 2.108042967875193061e-243
1.000000000000000000e+00 2.699598945245919950e-154
1.000000000000000000e+00 1.496635666091804428e-228
1.000000000000000000e+00 2.849914209417861347e-303
1.000000000000000000e+00 2.058465366794560402e-217
1.000000000000000000e+00 8.587825739985723724e-161
1.000000000000000000e+00 1.742578311712802681e-35
1.000000000000000000e+00 3.688637484700741058e-46
1.000000000000000000e+00 1.335807316876574109e-14
4.674686535940896430e-191 1.000000000000000000e+00
1.000000000000000000e+00 7.318005164838845779e-76
1.000000000000000000e+00 8.899939712831111810e-200
1.000000000000000000e+00 1.188971502711770628e-246
1.000000000000000000e+00 1.032071129028686468e-271
1.000000000000000000e+00 2.184657198946203691e-282
1.000000000000000000e+00 5.890736047515665747e-288
1.000000000000000000e+00 4.735816841646684625e-319
1.000000000000000000e+00 1.626661732367720122e-319
1.000000000000000000e+00 2.964393875047479265e-323
1.000000000000000000e+00 0.000000000000000000e+00
1.000000000000000000e+00 0.000000000000000000e+00
1.000000000000000000e+00 0.000000000000000000e+00
1.000000000000000000e+00 0.000000000000000000e+00
1.000000000000000000e+00 0.000000000000000000e+00
1.000000000000000000e+00 4.014164796705126272e-318
1.000000000000000000e+00 1.154857375888910753e-304
1.000000000000000000e+00 7.503815641321579443e-283
1.000000000000000000e+00 2.034115538379826161e-204
1.000000000000000000e+00 1.019862638514348656e-258
1.000000000000000000e+00 8.006248947705787436e-264
1.000000000000000000e+00 2.384034739449849634e-108
1.000000000000000000e+00 3.737553965149445745e-240
1.000000000000000000e+00 1.744800809172957649e-216
1.000000000000000000e+00 9.724558508308982529e-207
1.000000000000000000e+00 5.046453204229255210e-119
1.000000000000000000e+00 5.922113984166520631e-204
1.000000000000000000e+00 4.761020639483561673e-235
1.000000000000000000e+00 7.240662655247338493e-244
1.000000000000000000e+00 1.986276585260610846e-178
1.000000000000000000e+00 3.380155625209500093e-220
1.000000000000000000e+00 3.827571976861749659e-266
1.000000000000000000e+00 2.371403086086085272e-192
1.000000000000000000e+00 1.486809551071464785e-131
1.000000000000000000e+00 4.127477347608826332e-79
1.000000000000000000e+00 1.335807316876574109e-14
1.000000000000000000e+00 2.812615009458296055e-109
1.000000000000000000e+00 1.692580025473663877e-93
6.311771567195504703e-70 1.000000000000000000e+00
1.000000000000000000e+00 6.097051384867612278e-146
1.000000000000000000e+00 3.480004368514830568e-162
1.000000000000000000e+00 3.110004847891580707e-129
1.000000000000000000e+00 1.496635666091804428e-228
1.000000000000000000e+00 1.703766048592296782e-190
1.000000000000000000e+00 4.901659704787042222e-177
1.000000000000000000e+00 1.410185857464016424e-163
1.000000000000000000e+00 1.261860021859129287e-311
1.000000000000000000e+00 2.210809119491348820e-295
1.000000000000000000e+00 1.488705839131666622e-312
1.000000000000000000e+00 7.684543082476667459e-309
1.000000000000000000e+00 2.591124075163242860e-199
1.000000000000000000e+00 8.145246575916187563e-193
1.000000000000000000e+00 6.210814391539709997e-256
1.000000000000000000e+00 3.004766814152335824e-271
1.000000000000000000e+00 1.626661732367720122e-319
1.000000000000000000e+00 9.906005823738430545e-317
1.000000000000000000e+00 5.587388388818657168e-320
1.000000000000000000e+00 1.756331952096701916e-313
1.000000000000000000e+00 4.014164796705126272e-318
1.000000000000000000e+00 0.000000000000000000e+00
1.000000000000000000e+00 0.000000000000000000e+00
1.000000000000000000e+00 0.000000000000000000e+00
1.000000000000000000e+00 0.000000000000000000e+00
1.000000000000000000e+00 0.000000000000000000e+00
1.000000000000000000e+00 1.378779116536249906e-318
1.000000000000000000e+00 0.000000000000000000e+00
1.000000000000000000e+00 0.000000000000000000e+00
1.000000000000000000e+00 1.154857375888910753e-304
1.000000000000000000e+00 1.756331952096701916e-313
1.000000000000000000e+00 0.000000000000000000e+00
1.000000000000000000e+00 0.000000000000000000e+00
1.000000000000000000e+00 0.000000000000000000e+00
1.000000000000000000e+00 5.587388388818657168e-320
1.000000000000000000e+00 0.000000000000000000e+00
1.000000000000000000e+00 5.587388388818657168e-320
1.000000000000000000e+00 4.282940976545463549e-299
1.000000000000000000e+00 5.202150268633299423e-242
1.000000000000000000e+00 1.419505577280499650e-260
1.000000000000000000e+00 1.025295098059512985e-174
1.000000000000000000e+00 2.399790489437116173e-205
1.000000000000000000e+00 1.986276585260610846e-178
1.000000000000000000e+00 7.327338603558847088e-257
1.000000000000000000e+00 6.786273826967605937e-263
1.000000000000000000e+00 3.283171755188726007e-278
1.000000000000000000e+00 1.999403607599325823e-275
1.000000000000000000e+00 1.402714079206536178e-247
1.000000000000000000e+00 1.694738754742819447e-274
1.000000000000000000e+00 0.000000000000000000e+00
1.000000000000000000e+00 0.000000000000000000e+00
