1.000000000000000000e+00 4.874120329095270680e-226
1.000000000000000000e+00 8.949819272429542388e-157
1.000000000000000000e+00 5.073164076552342261e-86
9.999999999997939426e-01 2.092554758840273905e-13
8.671095038213805515e-132 1.000000000000000000e+00
6.754688241132890221e-63 1.000000000000000000e+00
3.344140952692858400e-37 1.000000000000000000e+00
1.052232572573292457e-54 1.000000000000000000e+00
5.060166393243457936e-45 1.000000000000000000e+00
3.682121187143411746e-43 1.000000000000000000e+00
1.804810785508191290e-52 1.000000000000000000e+00
1.000000000000000000e+00 9.765464184490012213e-109
1.000000000000000000e+00 3.349561044578714949e-167
1.000000000000000000e+00 1.708850849439155067e-36
1.071473654299241637e-162 1.000000000000000000e+00
1.485877801611499616e-218 1.000000000000000000e+00
0.000000000000000000e+00 1.000000000000000000e+00
1.821237379741296992e-106 1.000000000000000000e+00
1.560632454821758267e-132 1.000000000000000000e+00
7.512153930858180142e-34 1.000000000000000000e+00
4.254204216093559513e-52 1.000000000000000000e+00
1.000000000000000000e+00 4.883349661951735684e-48
3.863712739766734419e-46 1.000000000000000000e+00
1.444666737909886489e-145 1.000000000000000000e+00
6.809722258257788743e-206 1.000000000000000000e+00
1.237946147308937031e-171 1.000000000000000000e+00
2.623791007945534264e-200 1.000000000000000000e+00
2.475579182475417968e-232 1.000000000000000000e+00
9.698706118734291559e-01 3.012938812656924120e-02
9.317705093816612827e-01 6.822949061833716300e-02
1.000000000000000000e+00 4.308023956576908436e-58
1.000000000000000000e+00 8.292626262246420829e-81
1.000000000000000000e+00 5.585890426387290933e-92
1.000000000000000000e+00 6.453757873458979055e-101
1.000000000000000000e+00 2.090576401821188179e-102
1.000000000000000000e+00 5.323357835679728571e-89
1.000000000000000000e+00 3.951939355084405624e-17
1.000000000000000000e+00 3.017521015401201545e-18
1.000000000000000000e+00 6.268829516922648385e-117
1.000000000000000000e+00 8.949819272429542388e-157
1.000000000000000000e+00 9.039823081982942462e-122
1.000000000000000000e+00 1.724404058524877360e-90
1.000000000000000000e+00 2.847068301470657647e-50
1.000000000000000000e+00 5.222820705843254186e-70
1.000000000000000000e+00 1.291809651877708888e-72
1.000000000000000000e+00 4.105550115556331075e-55
1.000000000000000000e+00 8.701594572019658268e-84
1.000000000000000000e+00 4.977352115156935458e-67
1.000000000000000000e+00 8.292626262246420829e-81
1.000000000000000000e+00 4.265131682665804602e-93
1.000000000000000000e+00 1.775273396682352825e-74
1.000000000000000000e+00 2.258390323769017876e-89
1.000000000000000000e+00 3.256660421506563492e-94
1.000000000000000000e+00 1.917777440526755797e-61
1.000000000000000000e+00 6.644141554143242764e-85
1.000000000000000000e+00 5.480395096487434649e-73
1.000000000000000000e+00 1.492515261743579191e-81
1.000000000000000000e+00 5.323357835679728571e-89
1.000000000000000000e+00 9.581033272474495000e-90
1.000000000000000000e+00 2.957733037846632709e-88
1.000000000000000000e+00 5.222820705843254186e-70
1.000000000000000000e+00 1.741745518698818327e-55
1.000000000000000000e+00 2.635511560063046911e-63
1.000000000000000000e+00 9.400085529374042992e-71
1.000000000000000000e+00 8.537255940224526338e-65
1.000000000000000000e+00 5.480395096487434649e-73
1.000000000000000000e+00 1.355517962510541641e-75
1.000000000000000000e+00 1.207845067272247214e-50
1.000000000000000000e+00 2.393599148792764404e-57
1.000000000000000000e+00 3.912592390675949548e-52
3.126779667654678622e-15 1.000000000000000000e+00
1.261776096593490817e-190 1.000000000000000000e+00
3.474126761864690767e-75 1.000000000000000000e+00
5.678829698598022487e-70 1.000000000000000000e+00
9.999999999997939426e-01 2.092554758840273905e-13
1.000000000000000000e+00 6.212288002931177762e-63
1.000000000000000000e+00 2.847068301470657647e-50
1.000000000000000000e+00 3.383245887273697177e-132
1.000000000000000000e+00 1.581871487169449089e-49
1.770725063325793873e-33 1.000000000000000000e+00
5.411929032966728520e-67 1.000000000000000000e+00
8.592886364631000220e-78 1.000000000000000000e+00
2.894438449411592796e-28 1.000000000000000000e+00
1.488691367934970250e-40 1.000000000000000000e+00
6.134678469762452746e-57 1.000000000000000000e+00
2.979823407487933813e-12 9.999999999970228259e-01
4.731267496545717510e-23 1.000000000000000000e+00
4.915170520564983608e-61 1.000000000000000000e+00
1.262970142214410173e-101 1.000000000000000000e+00
1.965570964543266447e-182 1.000000000000000000e+00
2.837089181531432093e-98 1.000000000000000000e+00
1.312061432987671918e-139 1.000000000000000000e+00
1.070460654559028067e-251 1.000000000000000000e+00
2.753188781317246284e-203 1.000000000000000000e+00
0.000000000000000000e+00 1.000000000000000000e+00
0.000000000000000000e+00 1.000000000000000000e+00
1.682720630155458756e-297 1.000000000000000000e+00
1.907443715090683711e-287 1.000000000000000000e+00
5.204514452275431470e-118 1.000000000000000000e+00
1.060805667786222420e-197 1.000000000000000000e+00
4.415385552389589210e-179 1.000000000000000000e+00
3.212934798659773401e-177 1.000000000000000000e+00
1.430283103544270848e-180 1.000000000000000000e+00
1.622828060040716154e-81 1.000000000000000000e+00
3.155238241411764472e-69 1.000000000000000000e+00
7.289999221950136267e-139 1.000000000000000000e+00
2.428825303932660521e-213 1.000000000000000000e+00
2.045838701950338475e-42 1.000000000000000000e+00
1.000000000000000000e+00 5.861370364107199250e-95
9.999941331173198833e-01 5.866882683333770442e-06
2.894438449411592796e-28 1.000000000000000000e+00
2.839773971444125942e-09 9.999999971602235860e-01
1.378071368197248245e-53 1.000000000000000000e+00
1.000000000000000000e+00 1.329917600934436383e-56
1.000000000000000000e+00 3.386447524986534392e-43
1.000000000000000000e+00 1.129337982892949833e-28
1.000000000000000000e+00 1.304800728718765672e-37
1.000000000000000000e+00 9.222555171935788614e-52
1.968905113099981598e-04 9.998031094886880021e-01
1.000000000000000000e+00 6.518660054927903616e-66
1.000000000000000000e+00 9.130732014362474794e-87
1.000000000000000000e+00 8.292626262246420829e-81
1.000000000000000000e+00 1.862824738979298199e-77
1.000000000000000000e+00 1.827643363158604808e-58
1.000000000000000000e+00 4.883349661951735684e-48
1.000000000000000000e+00 1.355517962510541641e-75
1.000000000000000000e+00 3.621859886578435295e-65
1.000000000000000000e+00 4.435109210382476075e-42
7.374734057709038393e-02 9.262526594229064658e-01
4.336095880715659602e-71 1.000000000000000000e+00
1.416042677941195750e-215 1.000000000000000000e+00
3.402072323611420820e-234 1.000000000000000000e+00
6.489670504641112613e-203 1.000000000000000000e+00
1.337318070744311603e-158 1.000000000000000000e+00
1.135622305803166682e-130 1.000000000000000000e+00
2.477921875831984184e-143 1.000000000000000000e+00
5.358045873356177344e-102 1.000000000000000000e+00
5.101394244769442712e-188 1.000000000000000000e+00
4.124492796146134257e-246 1.000000000000000000e+00
6.190513615907518025e-111 1.000000000000000000e+00
4.915170520564983608e-61 1.000000000000000000e+00
4.866233271746793808e-96 1.000000000000000000e+00
1.000000000000000000e+00 4.743420361056803110e-64
1.000000000000000000e+00 4.308023956576908436e-58
1.000000000000000000e+00 2.439674938475390200e-76
1.000000000000000000e+00 1.291809651877708888e-72
1.000000000000000000e+00 3.451635233636637373e-62
1.000000000000000000e+00 1.436672220514197861e-43
9.999999657949706355e-01 3.420503199376040906e-08
3.344140952692858400e-37 1.000000000000000000e+00
1.062814343801199396e-19 1.000000000000000000e+00
1.000000000000000000e+00 1.409539176667663133e-24
7.733759938284728079e-18 1.000000000000000000e+00
2.626273957317156400e-111 1.000000000000000000e+00
2.862911119851787514e-152 1.000000000000000000e+00
5.358045873356177344e-102 1.000000000000000000e+00
1.669121415318946677e-154 1.000000000000000000e+00
1.102038882848637737e-235 1.000000000000000000e+00
7.573359421514634473e-177 1.000000000000000000e+00
9.829097853318002714e-122 1.000000000000000000e+00
9.999999999935411665e-01 6.459865202083659153e-12
1.000000000000000000e+00 4.226662459335753805e-39
9.999999999847730692e-01 1.522685147856580874e-11
1.000000000000000000e+00 6.094962505601919760e-44
1.000000000000000000e+00 4.226662459335753805e-39
6.315649415654033184e-41 1.000000000000000000e+00
1.204750510345421317e-09 9.999999987952463698e-01
2.316862790476369514e-121 1.000000000000000000e+00
1.336053734612286977e-247 1.000000000000000000e+00
0.000000000000000000e+00 1.000000000000000000e+00
3.470842229862029146e-164 1.000000000000000000e+00
3.092721588766471925e-139 1.000000000000000000e+00
4.132302680664040589e-68 1.000000000000000000e+00
8.271380166451137972e-40 1.000000000000000000e+00
2.361461437126985006e-140 1.000000000000000000e+00
1.297769958519818897e-263 1.000000000000000000e+00
2.698638178944018350e-273 1.000000000000000000e+00
5.000317220598819570e-258 1.000000000000000000e+00
1.785152096812600268e-176 1.000000000000000000e+00
6.561136914940908292e-79 1.000000000000000000e+00
2.706299443767836662e-06 9.999972937005551232e-01
1.503639775033398110e-05 9.999849636022521970e-01
9.999999999988347099e-01 1.162653072509232409e-12
6.754688241132890221e-63 1.000000000000000000e+00
8.926889417441160585e-116 1.000000000000000000e+00
4.050426856547166711e-138 1.000000000000000000e+00
1.041756157359786374e-89 1.000000000000000000e+00
4.010099314280358407e-173 1.000000000000000000e+00
6.489670504641112613e-203 1.000000000000000000e+00
7.505051740390754988e-123 1.000000000000000000e+00
3.605752881697118694e-202 1.000000000000000000e+00
3.787158651364815129e-116 1.000000000000000000e+00
4.595696014067963307e-39 1.000000000000000000e+00
9.198926553990576769e-11 9.999999999080131374e-01
2.250474550233889916e-137 1.000000000000000000e+00
1.839552643690284560e-71 1.000000000000000000e+00
1.472475972723784281e-164 1.000000000000000000e+00
9.538424846278328531e-227 1.000000000000000000e+00
4.545637937063190029e-163 1.000000000000000000e+00
6.878204193653274258e-171 1.000000000000000000e+00
3.092721588766471925e-139 1.000000000000000000e+00
6.246856948997774435e-165 1.000000000000000000e+00
3.749452304363503743e-151 1.000000000000000000e+00
4.504638696247223361e-109 1.000000000000000000e+00
7.804149220871198940e-72 1.000000000000000000e+00
8.346662631970263170e-94 1.000000000000000000e+00
1.170229146639538633e-25 1.000000000000000000e+00
1.000000000000000000e+00 6.395548403873928870e-47
1.000000000000000000e+00 1.464327564187934105e-62
1.000000000000000000e+00 4.607500645918511486e-80
1.000000000000000000e+00 1.151077270111510135e-47
1.000000000000000000e+00 1.691836900713228564e-71
1.000000000000000000e+00 1.775273396682352825e-74
1.000000000000000000e+00 4.834729233324810439e-83
1.000000000000000000e+00 1.355517962510541641e-75
1.000000000000000000e+00 3.195155014254806222e-75
1.000000000000000000e+00 1.422368182509530118e-78
1.000000000000000000e+00 2.585737192817323088e-44
1.639148021729450799e-46 1.000000000000000000e+00
1.821237379741296992e-106 1.000000000000000000e+00
1.500820523760199593e-183 1.000000000000000000e+00
3.374577853294201402e-91 1.000000000000000000e+00
2.188057270734372379e-64 1.000000000000000000e+00
9.698706118734291559e-01 3.012938812656924120e-02
1.000000000000000000e+00 7.112740420736260975e-18
1.000000000000000000e+00 2.348393548149894251e-38
1.000000000000000000e+00 9.400085529374042992e-71
1.000000000000000000e+00 5.920315203767122779e-60
1.000000000000000000e+00 3.044985164942689816e-72
1.000000000000000000e+00 9.581033272474495000e-90
1.000000000000000000e+00 1.015464547655210530e-57
1.000000000000000000e+00 7.389210621035011689e-56
1.000000000000000000e+00 1.151077270111510135e-47
1.000000000000000000e+00 3.553457308937382786e-46
9.999999999995097255e-01 4.932459041653873256e-13
1.000000000000000000e+00 9.962864472487800295e-39
9.999999999999857891e-01 1.597779569303302128e-14
8.507332421724207813e-113 1.000000000000000000e+00
1.573347752727325494e-275 1.000000000000000000e+00
1.499401608053169579e-272 1.000000000000000000e+00
3.242177518541793177e-231 1.000000000000000000e+00
1.000883233407758835e-229 1.000000000000000000e+00
0.000000000000000000e+00 1.000000000000000000e+00
1.070460654559028067e-251 1.000000000000000000e+00
3.573230905075386047e-148 1.000000000000000000e+00
4.091159952523090168e-103 1.000000000000000000e+00
1.404598669797582568e-72 1.000000000000000000e+00
7.656759774641765514e-53 1.000000000000000000e+00
8.107494284886710654e-110 1.000000000000000000e+00
8.107494284886710654e-110 1.000000000000000000e+00
1.431636610938389918e-91 1.000000000000000000e+00
2.230176464615822450e-83 1.000000000000000000e+00
1.092971115565328447e-03 9.989070288844330570e-01
1.000000000000000000e+00 2.635511560063046911e-63
1.000000000000000000e+00 4.184580250470926062e-74
1.000000000000000000e+00 1.254793662036213814e-88
1.000000000000000000e+00 5.323357835679728571e-89
1.000000000000000000e+00 1.566121791763007075e-84
1.000000000000000000e+00 1.566121791763007075e-84
1.000000000000000000e+00 1.408206560777331352e-113
1.000000000000000000e+00 1.316676451258053422e-91
1.000000000000000000e+00 7.676427139504574718e-94
1.000000000000000000e+00 3.103599864952491127e-91
1.000000000000000000e+00 7.315640917348871972e-91
1.000000000000000000e+00 2.872981065354514877e-104
1.000000000000000000e+00 1.106961723165807956e-98
1.000000000000000000e+00 7.676427139504574718e-94
1.000000000000000000e+00 2.609271435850755762e-98
1.000000000000000000e+00 1.992320905034680453e-99
1.000000000000000000e+00 1.449748179391338389e-97
1.000000000000000000e+00 2.818721840387567606e-85
1.000000000000000000e+00 3.518077778609225361e-81
1.000000000000000000e+00 1.422368182509530118e-78
1.000000000000000000e+00 1.381611120416599458e-94
1.000000000000000000e+00 1.118093877802932573e-63
1.000000000000000000e+00 4.607500645918511486e-80
1.000000000000000000e+00 2.152247700612342947e-86
1.000000000000000000e+00 2.439674938475390200e-76
1.000000000000000000e+00 7.676427139504574718e-94
1.000000000000000000e+00 9.400085529374042992e-71
1.000000000000000000e+00 4.184580250470926062e-74
1.000000000000000000e+00 4.977352115156935458e-67
1.000000000000000000e+00 1.161553869320063178e-101
1.000000000000000000e+00 1.161553869320063178e-101
1.000000000000000000e+00 1.035011818530807613e-76
1.000000000000000000e+00 1.106961723165807956e-98
1.000000000000000000e+00 3.134811200363034525e-56
1.000000000000000000e+00 7.902879151183741404e-78
1.000000000000000000e+00 6.150436174503541839e-98
1.000000000000000000e+00 1.054935366253879929e-95
1.000000000000000000e+00 9.765464184490012213e-109
1.000000000000000000e+00 4.977352115156935458e-67
1.000000000000000000e+00 1.492515261743579191e-81
1.000000000000000000e+00 1.086055603772517601e-79
1.000000000000000000e+00 4.607500645918511486e-80
1.000000000000000000e+00 7.753625087897217322e-59
1.000000000000000000e+00 3.289411009582433353e-59
1.000000000000000000e+00 4.791122542499064766e-29
1.000000000000000000e+00 5.480395096487434649e-73
1.000000000000000000e+00 2.111600272204200052e-67
1.000000000000000000e+00 5.222820705843254186e-70
1.000000000000000000e+00 1.954693859909044774e-80
1.000000000000000000e+00 1.291809651877708888e-72
1.000000000000000000e+00 1.628536162542184776e-33
1.000000000000000000e+00 4.351347576412545130e-23
1.000000000000000000e+00 8.136011420834930473e-62
1.000000000000000000e+00 3.386447524986534392e-43
9.282651139772542972e-65 1.000000000000000000e+00
1.000000000000000000e+00 1.676577430100382305e-17
2.230176464615822450e-83 1.000000000000000000e+00
7.726448235597516468e-107 1.000000000000000000e+00
3.790742520341156552e-27 1.000000000000000000e+00
6.884713184923114814e-82 1.000000000000000000e+00
3.436285245704353163e-199 1.000000000000000000e+00
6.495811818197426227e-114 1.000000000000000000e+00
4.336095880715659602e-71 1.000000000000000000e+00
4.054259861835483501e-49 1.000000000000000000e+00
3.037183770733877534e-31 1.000000000000000000e+00
1.000000000000000000e+00 1.974351228235646732e-45
1.000000000000000000e+00 2.847068301470657647e-50
1.000000000000000000e+00 4.520483221022723586e-61
1.000000000000000000e+00 1.691836900713228564e-71
1.000000000000000000e+00 8.136011420834930473e-62
1.000000000000000000e+00 7.902879151183741404e-78
1.000000000000000000e+00 2.439674938475390200e-76
1.000000000000000000e+00 1.395505285245408886e-59
1.000000000000000000e+00 8.701594572019658268e-84
1.000000000000000000e+00 2.901873184042601050e-69
1.000000000000000000e+00 3.691579185435290078e-84
1.000000000000000000e+00 4.184580250470926062e-74
1.000000000000000000e+00 1.173235029581877480e-66
1.000000000000000000e+00 2.325012076660072561e-73
1.000000000000000000e+00 7.041923356236891294e-53
1.000000000000000000e+00 5.750672310077047272e-76
1.000000000000000000e+00 1.173235029581877480e-66
1.000000000000000000e+00 4.265131682665804602e-93
1.000000000000000000e+00 2.559992640544816119e-79
1.000000000000000000e+00 1.254793662036213814e-88
1.000000000000000000e+00 5.750672310077047272e-76
1.000000000000000000e+00 3.195155014254806222e-75
1.000000000000000000e+00 6.034278813057247363e-79
1.000000000000000000e+00 2.901873184042601050e-69
1.000000000000000000e+00 8.701594572019658268e-84
1.000000000000000000e+00 3.103599864952491127e-91
1.000000000000000000e+00 7.607189842281927014e-40
1.000000000000000000e+00 1.881558225984470145e-42
4.639758870884831709e-04 9.995360241129126466e-01
2.230176464615822450e-83 1.000000000000000000e+00
9.999231689883976149e-01 7.683101160374595563e-05
6.822616727230001046e-28 1.000000000000000000e+00
2.210061456950233188e-29 1.000000000000000000e+00
1.912864005154152866e-20 1.000000000000000000e+00
1.204750510345421317e-09 9.999999987952463698e-01
9.999999999847730692e-01 1.522685147856580874e-11
9.838399338161121026e-33 1.000000000000000000e+00
2.188057270734372379e-64 1.000000000000000000e+00
2.602586360564768474e-57 1.000000000000000000e+00
1.192755571780905516e-44 1.000000000000000000e+00
7.159088424251109798e-31 1.000000000000000000e+00
2.505209575776406755e-19 1.000000000000000000e+00
9.999995520291173889e-01 4.479708855608008090e-07
1.000000000000000000e+00 4.226662459335753805e-39
1.000000000000000000e+00 5.808503915349681818e-41
9.999999999641104864e-01 3.589192633192198107e-11
4.639758870884831709e-04 9.995360241129126466e-01
3.682121187143411746e-43 1.000000000000000000e+00
1.639148021729450799e-46 1.000000000000000000e+00
1.000000000000000000e+00 2.417670365804780751e-22
9.999995520291173889e-01 4.479708855608008090e-07
9.999861710055563124e-01 1.382899444101563678e-05
2.628759256353157747e-22 1.000000000000000000e+00
1.170229146639538633e-25 1.000000000000000000e+00
1.000000000000000000e+00 7.531449857155898759e-75
3.787158651364815129e-116 1.000000000000000000e+00
5.840825961346762606e-143 1.000000000000000000e+00
1.227941458882121964e-28 1.000000000000000000e+00
9.547451261066093404e-138 1.000000000000000000e+00
5.157572495103875245e-64 1.000000000000000000e+00
1.500820523760199593e-183 1.000000000000000000e+00
1.114174901603040777e-111 1.000000000000000000e+00
1.786841424300756578e-87 1.000000000000000000e+00
6.884713184923114814e-82 1.000000000000000000e+00
2.025469577994171684e-77 1.000000000000000000e+00
1.000000000000000000e+00 1.129337982892949833e-28
1.000000000000000000e+00 1.793126424082063761e-39
1.000000000000000000e+00 9.494617439127678423e-36
1.000000000000000000e+00 1.219991754718738556e-15
1.930274052281187098e-74 1.000000000000000000e+00
3.509064299023591495e-40 1.000000000000000000e+00
1.092971115565328447e-03 9.989070288844330570e-01
1.000000000000000000e+00 1.708850849439155067e-36
8.115166579581581067e-21 1.000000000000000000e+00
3.544227565403166831e-05 9.999645577243478911e-01
6.196371830919361502e-22 1.000000000000000000e+00
3.576612329657888126e-59 1.000000000000000000e+00
8.592886364631000220e-78 1.000000000000000000e+00
2.060557282453816406e-274 1.000000000000000000e+00
0.000000000000000000e+00 1.000000000000000000e+00
0.000000000000000000e+00 1.000000000000000000e+00
0.000000000000000000e+00 1.000000000000000000e+00
0.000000000000000000e+00 1.000000000000000000e+00
1.297769958519818897e-263 1.000000000000000000e+00
2.125359871323874522e-80 1.000000000000000000e+00
3.006944449984712816e-66 1.000000000000000000e+00
4.169913082774680985e-122 1.000000000000000000e+00
9.008138039956912889e-170 1.000000000000000000e+00
1.050243895675957944e-232 1.000000000000000000e+00
4.288865467552840666e-195 1.000000000000000000e+00
5.251883654506672528e-172 1.000000000000000000e+00
9.443456773850181342e-262 1.000000000000000000e+00
1.871419663663122102e-268 1.000000000000000000e+00
4.010099314280358407e-173 1.000000000000000000e+00
0.000000000000000000e+00 1.000000000000000000e+00
2.941795630090910924e-314 1.000000000000000000e+00
2.523233053765801598e-251 1.000000000000000000e+00
1.985337718414302146e-147 1.000000000000000000e+00
2.808842076242196038e-133 1.000000000000000000e+00
3.753000491012982347e-62 1.000000000000000000e+00
2.891701970188285318e-117 1.000000000000000000e+00
2.106190253683428230e-26 1.000000000000000000e+00
9.376002071207656010e-30 1.000000000000000000e+00
1.000000000000000000e+00 9.315301748601053206e-17
9.999999998005790758e-01 1.994206280385577014e-10
9.999941331173198833e-01 5.866882683333770442e-06
1.000000000000000000e+00 8.623110808838550022e-30
1.000000000000000000e+00 6.584214924838551370e-31
9.999674036398716881e-01 3.259636012961560645e-05
6.627118953163453162e-44 1.000000000000000000e+00
9.999999999847730692e-01 1.522685147856580874e-11
1.987216485824081604e-58 1.000000000000000000e+00
1.288499975213787269e-31 1.000000000000000000e+00
1.562109314585980440e-43 1.000000000000000000e+00
7.108068108239306016e-01 2.891931891760685658e-01
9.999999973882580662e-01 2.611740638218207752e-09
3.977690962523754259e-30 1.000000000000000000e+00
3.006944449984712816e-66 1.000000000000000000e+00
2.783507811988788289e-79 1.000000000000000000e+00
1.654066826325006322e-100 1.000000000000000000e+00
3.505746736148876970e-129 1.000000000000000000e+00
8.181285133176415500e-164 1.000000000000000000e+00
3.307715291633879931e-161 1.000000000000000000e+00
1.324003239265456754e-193 1.000000000000000000e+00
4.132302680664040589e-68 1.000000000000000000e+00
8.846373614372243259e-62 1.000000000000000000e+00
5.571579114220525712e-51 1.000000000000000000e+00
4.866233271746793808e-96 1.000000000000000000e+00
1.239117642140800585e-82 1.000000000000000000e+00
2.730938382141503823e-60 1.000000000000000000e+00
7.573359421514634473e-177 1.000000000000000000e+00
3.712121375639982143e-186 1.000000000000000000e+00
1.071473654299241637e-162 1.000000000000000000e+00
4.726794430202551330e-112 1.000000000000000000e+00
4.132302680664040589e-68 1.000000000000000000e+00
1.262970142214410173e-101 1.000000000000000000e+00
1.965570964543266447e-182 1.000000000000000000e+00
4.464009246807795672e-55 1.000000000000000000e+00
5.788144812189500239e-89 1.000000000000000000e+00
4.207865798232756970e-176 1.000000000000000000e+00
2.230176464615822450e-83 1.000000000000000000e+00
1.092971115565328447e-03 9.989070288844330570e-01
3.719150280811268315e-08 9.999999628084956793e-01
4.132302680664040589e-68 1.000000000000000000e+00
8.338771474751026978e-183 1.000000000000000000e+00
7.017241054889072082e-101 1.000000000000000000e+00
6.013128357338663293e-127 1.000000000000000000e+00
4.813228399559060227e-220 1.000000000000000000e+00
4.769815634836132157e-166 1.000000000000000000e+00
1.236775760038479609e-260 1.000000000000000000e+00
8.338771474751026978e-183 1.000000000000000000e+00
1.324003239265456754e-193 1.000000000000000000e+00
1.010948610281449564e-194 1.000000000000000000e+00
0.000000000000000000e+00 1.000000000000000000e+00
1.928449119766912316e-163 1.000000000000000000e+00
4.817783260205452139e-131 1.000000000000000000e+00
2.971379782042803481e-279 1.000000000000000000e+00
0.000000000000000000e+00 1.000000000000000000e+00
1.430283103544270848e-180 1.000000000000000000e+00
9.282651139772542972e-65 1.000000000000000000e+00
6.953949266170718893e-47 1.000000000000000000e+00
3.183955832591532296e-123 1.000000000000000000e+00
6.134678469762452746e-57 1.000000000000000000e+00
3.509064299023591495e-40 1.000000000000000000e+00
2.066412240888271764e-07 9.999997933587749799e-01
8.528031200195620443e-01 1.471968799804406480e-01
0.000000000000000000e+00 1.000000000000000000e+00
4.496125111760708139e-287 1.000000000000000000e+00
2.060557282453816406e-274 1.000000000000000000e+00
1.029434775162942513e-302 1.000000000000000000e+00
0.000000000000000000e+00 1.000000000000000000e+00
0.000000000000000000e+00 1.000000000000000000e+00
0.000000000000000000e+00 1.000000000000000000e+00
0.000000000000000000e+00 1.000000000000000000e+00
5.152696388657246165e-153 1.000000000000000000e+00
1.000000000000000000e+00 7.592812561930033120e-218
1.000000000000000000e+00 1.506099479428722878e-135
9.198926553990576769e-11 9.999999999080131374e-01
1.503639775033398110e-05 9.999849636022521970e-01
1.753095072126559938e-68 1.000000000000000000e+00
5.627609669728499330e-16 1.000000000000000000e+00
2.505209575776406755e-19 1.000000000000000000e+00
4.639758870884831709e-04 9.995360241129126466e-01
1.000000000000000000e+00 1.724404058524877360e-90
1.000000000000000000e+00 4.028012546646099466e-36
1.000000000000000000e+00 2.511644526360673195e-60
1.000000000000000000e+00 1.096977516131977949e-44
1.000000000000000000e+00 1.536543958602350332e-65
1.000000000000000000e+00 3.728703531729750868e-49
1.000000000000000000e+00 4.105550115556331075e-55
1.000000000000000000e+00 3.289411009582433353e-59
1.000000000000000000e+00 9.130732014362474794e-87
1.000000000000000000e+00 1.005354208445386198e-92
1.000000000000000000e+00 4.184580250470926062e-74
1.000000000000000000e+00 6.212288002931177762e-63
1.000000000000000000e+00 1.015464547655210530e-57
1.000000000000000000e+00 2.559992640544816119e-79
1.000000000000000000e+00 2.348393548149894251e-38
1.000000000000000000e+00 2.635511560063046911e-63
1.000000000000000000e+00 1.612321856432962991e-68
1.000000000000000000e+00 4.064673745814897002e-90
1.000000000000000000e+00 3.728703531729750868e-49
1.000000000000000000e+00 3.044985164942689816e-72
1.000000000000000000e+00 5.027406830028442321e-32
1.000000000000000000e+00 3.796886451792601607e-157
1.000000000000000000e+00 3.221187631821701504e-218
1.000000000000000000e+00 3.042106354843111998e-161
1.000000000000000000e+00 4.874120329095270680e-226
1.000000000000000000e+00 4.878732813077712086e-137
1.737283085330735552e-14 9.999999999999857891e-01
1.000000000000000000e+00 5.750672310077047272e-76
1.000000000000000000e+00 3.227287073533689097e-40
6.361086719310355033e-273 1.000000000000000000e+00
4.545637937063190029e-163 1.000000000000000000e+00
1.946001015755658168e-217 1.000000000000000000e+00
1.166913186176923006e-292 1.000000000000000000e+00
1.156388248774623762e-238 1.000000000000000000e+00
3.059034483490167991e-263 1.000000000000000000e+00
2.525620842996689444e-162 1.000000000000000000e+00
3.245245660246677524e-142 1.000000000000000000e+00
4.910523587403236518e-150 1.000000000000000000e+00
7.733759938284728079e-18 1.000000000000000000e+00
5.309719144274606302e-48 1.000000000000000000e+00
1.606670585902538971e-116 1.000000000000000000e+00
3.344140952692858400e-37 1.000000000000000000e+00
1.072487612660847682e-73 1.000000000000000000e+00
2.706299443767836662e-06 9.999972937005551232e-01
1.239117642140800585e-82 1.000000000000000000e+00
5.566311594891143584e-140 1.000000000000000000e+00
1.858052094992993601e-36 1.000000000000000000e+00
1.000000000000000000e+00 5.920315203767122779e-60
3.344140952692858400e-37 1.000000000000000000e+00
1.000000000000000000e+00 1.974351228235646732e-45
6.822616727230001046e-28 1.000000000000000000e+00
1.460575888576265505e-21 1.000000000000000000e+00
2.811500143382630129e-44 1.000000000000000000e+00
1.000000000000000000e+00 2.511644526360673195e-60
1.000000000000000000e+00 7.177477456719774328e-72
1.000000000000000000e+00 7.831599377043855994e-24
1.000000000000000000e+00 3.451635233636637373e-62
1.352045062180420838e-34 1.000000000000000000e+00
1.000000000000000000e+00 2.071720512608428986e-48
1.000000000000000000e+00 7.177477456719774328e-72
1.000000000000000000e+00 1.291809651877708888e-72
1.000000000000000000e+00 2.486637667977836758e-95
1.000000000000000000e+00 6.710958328078328294e-50
1.000000000000000000e+00 6.518660054927903616e-66
1.000000000000000000e+00 4.265131682665804602e-93
9.999674036398716881e-01 3.259636012961560645e-05
1.000000000000000000e+00 2.071720512608428986e-48
3.095648297144694948e-50 1.000000000000000000e+00
1.911055532559734619e-109 1.000000000000000000e+00
1.000000000000000000e+00 5.430964842373470271e-19
7.023881619655268887e-12 9.999999999929727323e-01
1.639148021729450799e-46 1.000000000000000000e+00
1.092971115565328447e-03 9.989070288844330570e-01
2.168322155365516429e-10 9.999999997831707788e-01
1.000000000000000000e+00 1.219991754718738556e-15
1.000000000000000000e+00 1.793126424082063761e-39
4.379701805698012847e-36 1.000000000000000000e+00
1.000000000000000000e+00 7.607189842281927014e-40
1.000000000000000000e+00 4.565943436310762800e-26
9.999999998005790758e-01 1.994206280385577014e-10
1.000000000000000000e+00 1.464327564187934105e-62
1.000000000000000000e+00 1.254793662036213814e-88
1.000000000000000000e+00 2.901873184042601050e-69
1.000000000000000000e+00 2.713258262237595403e-47
1.968905113099981598e-04 9.998031094886880021e-01
0.000000000000000000e+00 1.000000000000000000e+00
1.000000000000000000e+00 4.874120329095270680e-226
1.000000000000000000e+00 4.874120329095270680e-226
1.000000000000000000e+00 4.874120329095270680e-226
1.000000000000000000e+00 4.874120329095270680e-226
1.000000000000000000e+00 4.874120329095270680e-226
1.000000000000000000e+00 4.874120329095270680e-226
1.000000000000000000e+00 4.874120329095270680e-226
1.000000000000000000e+00 4.874120329095270680e-226
1.000000000000000000e+00 4.874120329095270680e-226
1.000000000000000000e+00 4.874120329095270680e-226
1.000000000000000000e+00 4.874120329095270680e-226
1.000000000000000000e+00 4.874120329095270680e-226
1.000000000000000000e+00 4.874120329095270680e-226
1.000000000000000000e+00 4.874120329095270680e-226
1.000000000000000000e+00 4.874120329095270680e-226
1.000000000000000000e+00 4.874120329095270680e-226
1.000000000000000000e+00 4.874120329095270680e-226
1.000000000000000000e+00 4.874120329095270680e-226
1.000000000000000000e+00 4.874120329095270680e-226
1.000000000000000000e+00 4.874120329095270680e-226
1.000000000000000000e+00 4.874120329095270680e-226
1.000000000000000000e+00 4.874120329095270680e-226
1.000000000000000000e+00 4.874120329095270680e-226
1.000000000000000000e+00 4.874120329095270680e-226
1.000000000000000000e+00 4.874120329095270680e-226
1.000000000000000000e+00 4.874120329095270680e-226
1.000000000000000000e+00 4.874120329095270680e-226
1.000000000000000000e+00 4.874120329095270680e-226
1.000000000000000000e+00 4.874120329095270680e-226
1.000000000000000000e+00 4.874120329095270680e-226
8.846373614372243259e-62 1.000000000000000000e+00
0.000000000000000000e+00 1.000000000000000000e+00
0.000000000000000000e+00 1.000000000000000000e+00
1.000000000000000000e+00 8.136011420834930473e-62
1.000000000000000000e+00 2.152247700612342947e-86
1.000000000000000000e+00 2.737953145977116122e-101
1.000000000000000000e+00 1.218838342010176940e-104
1.000000000000000000e+00 1.218838342010176940e-104
1.000000000000000000e+00 5.861370364107199250e-95
1.000000000000000000e+00 4.475475624388854878e-96
1.000000000000000000e+00 3.289411009582433353e-59
1.000000000000000000e+00 1.151077270111510135e-47
1.000000000000000000e+00 8.701594572019658268e-84
1.000000000000000000e+00 2.051093699806637245e-83
1.000000000000000000e+00 6.971811372532272288e-88
1.000000000000000000e+00 6.034278813057247363e-79
1.000000000000000000e+00 5.073164076552342261e-86
1.000000000000000000e+00 6.150436174503541839e-98
1.000000000000000000e+00 9.774705451446561911e-20
1.000000000000000000e+00 1.005354208445386198e-92
1.000000000000000000e+00 2.559992640544816119e-79
1.000000000000000000e+00 1.183913298974619156e-120
1.000000000000000000e+00 7.676427139504574718e-94
1.000000000000000000e+00 2.737953145977116122e-101
1.000000000000000000e+00 1.316676451258053422e-91
1.000000000000000000e+00 1.106961723165807956e-98
1.000000000000000000e+00 5.861370364107199250e-95
1.000000000000000000e+00 2.609271435850755762e-98
1.000000000000000000e+00 1.106961723165807956e-98
1.000000000000000000e+00 2.559992640544816119e-79
1.000000000000000000e+00 9.400085529374042992e-71
1.531158293479759196e-113 1.000000000000000000e+00
1.081225736396751768e-216 1.000000000000000000e+00
2.207972005968676733e-118 1.000000000000000000e+00
9.999941331173198833e-01 5.866882683333770442e-06
1.000000000000000000e+00 1.015464547655210530e-57
1.000000000000000000e+00 1.536543958602350332e-65
1.000000000000000000e+00 5.073164076552342261e-86
1.000000000000000000e+00 1.106961723165807956e-98
1.000000000000000000e+00 1.005354208445386198e-92
1.000000000000000000e+00 1.809446672393983462e-93
1.000000000000000000e+00 1.596268985929636897e-103
1.000000000000000000e+00 1.054935366253879929e-95
1.000000000000000000e+00 5.585890426387290933e-92
1.000000000000000000e+00 1.139616720667537975e-82
1.000000000000000000e+00 1.278947918983455118e-107
1.000000000000000000e+00 4.696193120111178042e-99
1.000000000000000000e+00 6.150436174503541839e-98
1.000000000000000000e+00 1.757598120601095918e-109
1.000000000000000000e+00 1.161553869320063178e-101
1.000000000000000000e+00 2.686244063210770850e-82
1.000000000000000000e+00 8.537255940224526338e-65
1.000000000000000000e+00 4.308023956576908436e-58
1.000000000000000000e+00 1.065544318111029540e-60
1.000000000000000000e+00 1.898683341675697186e-96
1.000000000000000000e+00 6.644141554143242764e-85
7.374734057709038393e-02 9.262526594229064658e-01
1.264165317783354816e-12 9.999999999987352339e-01
1.839552643690284560e-71 1.000000000000000000e+00
1.531158293479759196e-113 1.000000000000000000e+00
2.041972149758072940e-220 1.000000000000000000e+00
4.459788853538304065e-144 1.000000000000000000e+00
1.300227335462400271e-85 1.000000000000000000e+00
1.011905292504500116e-105 1.000000000000000000e+00
1.125379595530977933e-76 1.000000000000000000e+00
8.935337123223667054e-27 1.000000000000000000e+00
5.627609669728499330e-16 1.000000000000000000e+00
6.687436076073188055e-98 1.000000000000000000e+00
6.501958943412738757e-25 1.000000000000000000e+00
9.999999999988347099e-01 1.162653072509232409e-12
1.000000000000000000e+00 1.741745518698818327e-55
1.000000000000000000e+00 1.937063559079627293e-26
1.000000000000000000e+00 3.987908169511360016e-71
1.000000000000000000e+00 1.218838342010176940e-104
1.000000000000000000e+00 4.696193120111178042e-99
1.000000000000000000e+00 5.480395096487434649e-73
9.999861710055563124e-01 1.382899444101563678e-05
2.730938382141503823e-60 1.000000000000000000e+00
1.192755571780905516e-44 1.000000000000000000e+00
2.977006203055332821e-101 1.000000000000000000e+00
2.428825303932660521e-213 1.000000000000000000e+00
4.549939571150621898e-74 1.000000000000000000e+00
7.108068108239306016e-01 2.891931891760685658e-01
1.000000000000000000e+00 1.076259958836119100e-25
2.706299443767836662e-06 9.999972937005551232e-01
3.863712739766734419e-46 1.000000000000000000e+00
1.040771253334751672e-178 1.000000000000000000e+00
0.000000000000000000e+00 1.000000000000000000e+00
2.041972149758072940e-220 1.000000000000000000e+00
1.389299244386459836e-196 1.000000000000000000e+00
3.307715291633879931e-161 1.000000000000000000e+00
1.574836645248930422e-186 1.000000000000000000e+00
7.217417303516923227e-174 1.000000000000000000e+00
2.865620353678359928e-63 1.000000000000000000e+00
4.822342431218305074e-42 1.000000000000000000e+00
1.352045062180420838e-34 1.000000000000000000e+00
2.431123753099439880e-124 1.000000000000000000e+00
1.114174901603040777e-111 1.000000000000000000e+00
4.246163942620178370e-230 1.000000000000000000e+00
1.751437649338830559e-157 1.000000000000000000e+00
6.754688241132890221e-63 1.000000000000000000e+00
4.250182178081877641e-141 1.000000000000000000e+00
1.893818826274500181e-55 1.000000000000000000e+00
1.719986054787775931e-49 1.000000000000000000e+00
2.433424377337840430e-35 1.000000000000000000e+00
2.066412240888271764e-07 9.999997933587749799e-01
1.000000000000000000e+00 1.173235029581877480e-66
1.000000000000000000e+00 6.971811372532272288e-88
1.000000000000000000e+00 2.393599148792764404e-57
1.000000000000000000e+00 1.291809651877708888e-72
1.000000000000000000e+00 4.520483221022723586e-61
1.000000000000000000e+00 7.831599377043855994e-24
1.687502335555481881e-30 1.000000000000000000e+00
1.000000000000000000e+00 4.351347576412545130e-23
1.338583603345903460e-69 1.000000000000000000e+00
6.816166443611954775e-117 1.000000000000000000e+00
1.192755571780905516e-44 1.000000000000000000e+00
1.313303064693295845e-50 1.000000000000000000e+00
9.367137749055370276e-119 1.000000000000000000e+00
6.687436076073188055e-98 1.000000000000000000e+00
2.066412240888271764e-07 9.999997933587749799e-01
4.731267496545717510e-23 1.000000000000000000e+00
5.735938819033107235e-35 1.000000000000000000e+00
1.000000000000000000e+00 4.743420361056803110e-64
1.000000000000000000e+00 9.863670522732679440e-74
1.000000000000000000e+00 7.531449857155898759e-75
1.000000000000000000e+00 1.974351228235646732e-45
7.882631605693926599e-37 1.000000000000000000e+00
1.000000000000000000e+00 5.027406830028442321e-32
1.000000000000000000e+00 8.623110808838550022e-30
1.000000000000000000e+00 2.325012076660072561e-73
1.000000000000000000e+00 2.534504410522807556e-114
1.000000000000000000e+00 3.800479526389408251e-68
1.000000000000000000e+00 4.743420361056803110e-64
1.000000000000000000e+00 6.034278813057247363e-79
1.000000000000000000e+00 3.873637179141684084e-87
1.000000000000000000e+00 1.724404058524877360e-90
3.719150280811268315e-08 9.999999628084956793e-01
1.000000000000000000e+00 9.400085529374042992e-71
1.000000000000000000e+00 1.161553869320063178e-101
1.000000000000000000e+00 8.055006293211729196e-97
1.000000000000000000e+00 1.422368182509530118e-78
1.000000000000000000e+00 2.258390323769017876e-89
1.000000000000000000e+00 3.585799314981060380e-100
1.000000000000000000e+00 2.486637667977836758e-95
1.000000000000000000e+00 1.862824738979298199e-77
1.000000000000000000e+00 2.901873184042601050e-69
1.000000000000000000e+00 8.136011420834930473e-62
1.000000000000000000e+00 2.439674938475390200e-76
1.000000000000000000e+00 5.275343974283884199e-35
1.000000000000000000e+00 1.173235029581877480e-66
1.352045062180420838e-34 1.000000000000000000e+00
4.132302680664040589e-68 1.000000000000000000e+00
8.107494284886710654e-110 1.000000000000000000e+00
6.128878581294999431e-146 1.000000000000000000e+00
5.725098127240082707e-213 1.000000000000000000e+00
4.050426856547166711e-138 1.000000000000000000e+00
3.895192450672047203e-189 1.000000000000000000e+00
1.000000000000000000e+00 3.838699028380802484e-33
1.000000000000000000e+00 1.536543958602350332e-65
1.000000000000000000e+00 1.291809651877708888e-72
1.000000000000000000e+00 1.775273396682352825e-74
1.000000000000000000e+00 2.957733037846632709e-88
1.000000000000000000e+00 3.352730805604806228e-78
1.000000000000000000e+00 1.724404058524877360e-90
1.000000000000000000e+00 4.834729233324810439e-83
1.000000000000000000e+00 6.453757873458979055e-101
1.000000000000000000e+00 5.425830263518153029e-108
1.000000000000000000e+00 1.449748179391338389e-97
1.000000000000000000e+00 2.559992640544816119e-79
1.000000000000000000e+00 2.258390323769017876e-89
1.000000000000000000e+00 3.873637179141684084e-87
1.000000000000000000e+00 8.055006293211729196e-97
1.000000000000000000e+00 2.609271435850755762e-98
1.000000000000000000e+00 2.301863399716514129e-108
1.000000000000000000e+00 5.170820378418128942e-105
1.000000000000000000e+00 5.323357835679728571e-89
1.000000000000000000e+00 1.381611120416599458e-94
1.000000000000000000e+00 2.957733037846632709e-88
1.000000000000000000e+00 3.289411009582433353e-59
1.000000000000000000e+00 2.439674938475390200e-76
1.000000000000000000e+00 1.676577430100382305e-17
1.115229269067322961e-22 1.000000000000000000e+00
9.999995520291173889e-01 4.479708855608008090e-07
2.950155187659915990e-47 1.000000000000000000e+00
1.000000000000000000e+00 1.015464547655210530e-57
1.000000000000000000e+00 3.873637179141684084e-87
1.000000000000000000e+00 2.032593923603839491e-29
1.000000000000000000e+00 1.369149721636675047e-40
1.000000000000000000e+00 7.607189842281927014e-40
1.000000000000000000e+00 9.400085529374042992e-71
1.000000000000000000e+00 1.775273396682352825e-74
1.000000000000000000e+00 3.256660421506563492e-94
1.000000000000000000e+00 1.254793662036213814e-88
1.000000000000000000e+00 2.609271435850755762e-98
1.000000000000000000e+00 2.486637667977836758e-95
1.000000000000000000e+00 6.971811372532272288e-88
1.000000000000000000e+00 1.254793662036213814e-88
1.000000000000000000e+00 1.316676451258053422e-91
1.000000000000000000e+00 8.452255874321764465e-100
1.000000000000000000e+00 4.265131682665804602e-93
1.000000000000000000e+00 1.355517962510541641e-75
1.000000000000000000e+00 2.957733037846632709e-88
1.000000000000000000e+00 9.863670522732679440e-74
1.000000000000000000e+00 4.105550115556331075e-55
1.000000000000000000e+00 4.834729233324810439e-83
1.000000000000000000e+00 5.222820705843254186e-70
1.000000000000000000e+00 4.927795763468409892e-102
1.000000000000000000e+00 1.086055603772517601e-79
1.000000000000000000e+00 1.724404058524877360e-90
1.000000000000000000e+00 1.005354208445386198e-92
1.000000000000000000e+00 6.034278813057247363e-79
1.000000000000000000e+00 1.954693859909044774e-80
1.000000000000000000e+00 1.674992349129723495e-106
1.000000000000000000e+00 2.301863399716514129e-108
1.000000000000000000e+00 3.014668170640258862e-107
1.000000000000000000e+00 3.014668170640258862e-107
1.000000000000000000e+00 1.106961723165807956e-98
1.000000000000000000e+00 4.142917027584918874e-109
1.000000000000000000e+00 9.130732014362474794e-87
1.000000000000000000e+00 1.898683341675697186e-96
1.000000000000000000e+00 1.992320905034680453e-99
1.000000000000000000e+00 6.453757873458979055e-101
1.000000000000000000e+00 3.256660421506563492e-94
1.000000000000000000e+00 2.872981065354514877e-104
1.000000000000000000e+00 7.902879151183741404e-78
9.998189168979962904e-01 1.810831020068744514e-04
1.000000000000000000e+00 9.962864472487800295e-39
1.000000000000000000e+00 9.306494814146960204e-106
1.000000000000000000e+00 1.316676451258053422e-91
1.000000000000000000e+00 5.861370364107199250e-95
1.000000000000000000e+00 2.609271435850755762e-98
1.000000000000000000e+00 4.475475624388854878e-96
1.000000000000000000e+00 1.054935366253879929e-95
1.000000000000000000e+00 3.873637179141684084e-87
9.999999657949706355e-01 3.420503199376040906e-08
6.627118953163453162e-44 1.000000000000000000e+00
1.000000000000000000e+00 4.028012546646099466e-36
1.000000000000000000e+00 3.873637179141684084e-87
1.000000000000000000e+00 1.278947918983455118e-107
1.000000000000000000e+00 2.737953145977116122e-101
1.000000000000000000e+00 2.193677575138258009e-105
1.000000000000000000e+00 1.596268985929636897e-103
1.000000000000000000e+00 1.024706859489522029e-111
1.000000000000000000e+00 2.090576401821188179e-102
1.000000000000000000e+00 7.676427139504574718e-94
1.000000000000000000e+00 1.757598120601095918e-109
1.000000000000000000e+00 1.161553869320063178e-101
1.000000000000000000e+00 6.453757873458979055e-101
1.000000000000000000e+00 1.316676451258053422e-91
1.000000000000000000e+00 1.015464547655210530e-57
1.000000000000000000e+00 1.173235029581877480e-66
1.000000000000000000e+00 6.034278813057247363e-79
1.000000000000000000e+00 1.827643363158604808e-58
1.000000000000000000e+00 2.609271435850755762e-98
1.000000000000000000e+00 4.390951628854802084e-77
1.000000000000000000e+00 2.737953145977116122e-101
1.000000000000000000e+00 1.005354208445386198e-92
1.000000000000000000e+00 4.265131682665804602e-93
1.000000000000000000e+00 1.898683341675697186e-96
1.000000000000000000e+00 4.607500645918511486e-80
1.000000000000000000e+00 1.844277769474070560e-112
1.000000000000000000e+00 1.005354208445386198e-92
1.000000000000000000e+00 3.691579185435290078e-84
1.000000000000000000e+00 2.686244063210770850e-82
1.000000000000000000e+00 2.325012076660072561e-73
1.000000000000000000e+00 1.809446672393983462e-93
1.000000000000000000e+00 2.818721840387567606e-85
1.000000000000000000e+00 1.536543958602350332e-65
1.000000000000000000e+00 3.256660421506563492e-94
1.000000000000000000e+00 3.352730805604806228e-78
1.000000000000000000e+00 1.809446672393983462e-93
1.000000000000000000e+00 6.710958328078328294e-50
1.000000000000000000e+00 4.105550115556331075e-55
1.000000000000000000e+00 1.243476089401405599e-34
1.000000000000000000e+00 1.581871487169449089e-49
9.999999999935411665e-01 6.459865202083659153e-12
1.000000000000000000e+00 3.017521015401201545e-18
5.111053926848677382e-10 9.999999994888923993e-01
2.839773971444125942e-09 9.999999971602235860e-01
1.488691367934970250e-40 1.000000000000000000e+00
9.999999854887989814e-01 1.451120085943545275e-08
1.148126838187060042e-06 9.999988518731638409e-01
9.999999938437440505e-01 6.156256425478673803e-09
1.000000000000000000e+00 4.028012546646099466e-36
1.000000000000000000e+00 1.185033661370357660e-31
1.000000000000000000e+00 1.881558225984470145e-42
1.000000000000000000e+00 2.464209516420610185e-41
1.000000000000000000e+00 1.267412487774957817e-53
1.000000000000000000e+00 1.536543958602350332e-65
1.000000000000000000e+00 2.901873184042601050e-69
1.000000000000000000e+00 9.962864472487800295e-39
1.000000000000000000e+00 6.395548403873928870e-47
1.000000000000000000e+00 7.249657720304415420e-37
1.000000000000000000e+00 2.195753498995609816e-16
9.698706118734291559e-01 3.012938812656924120e-02
8.115166579581581067e-21 1.000000000000000000e+00
6.501958943412738757e-25 1.000000000000000000e+00
7.882631605693926599e-37 1.000000000000000000e+00
5.209439595262704718e-29 1.000000000000000000e+00
2.252604222280263131e-48 1.000000000000000000e+00
1.446033856845175767e-56 1.000000000000000000e+00
1.839552643690284560e-71 1.000000000000000000e+00
3.863712739766734419e-46 1.000000000000000000e+00
6.754688241132890221e-63 1.000000000000000000e+00
1.000000000000000000e+00 1.129337982892949833e-28
1.000000000000000000e+00 4.565943436310762800e-26
1.000000000000000000e+00 3.553457308937382786e-46
1.000000000000000000e+00 4.883349661951735684e-48
1.000000000000000000e+00 7.041923356236891294e-53
9.998189168979962904e-01 1.810831020068744514e-04
1.000000000000000000e+00 3.322490953774652214e-24
1.000000000000000000e+00 4.743420361056803110e-64
1.000000000000000000e+00 1.612321856432962991e-68
1.000000000000000000e+00 1.492515261743579191e-81
1.000000000000000000e+00 1.254793662036213814e-88
1.000000000000000000e+00 2.818721840387567606e-85
1.000000000000000000e+00 3.417269481407466551e-97
1.000000000000000000e+00 7.676427139504574718e-94
1.000000000000000000e+00 1.086055603772517601e-79
1.000000000000000000e+00 2.258390323769017876e-89
1.000000000000000000e+00 9.306494814146960204e-106
1.000000000000000000e+00 8.452255874321764465e-100
1.000000000000000000e+00 8.869096654238042798e-103
1.000000000000000000e+00 4.347233696481966471e-112
1.000000000000000000e+00 1.408206560777331352e-113
1.000000000000000000e+00 7.456463967223582227e-110
1.000000000000000000e+00 3.103599864952491127e-91
1.000000000000000000e+00 5.170820378418128942e-105
1.000000000000000000e+00 2.051093699806637245e-83
1.000000000000000000e+00 2.737953145977116122e-101
1.000000000000000000e+00 5.170820378418128942e-105
1.000000000000000000e+00 2.193677575138258009e-105
1.000000000000000000e+00 9.581033272474495000e-90
1.000000000000000000e+00 2.818721840387567606e-85
1.000000000000000000e+00 1.316676451258053422e-91
1.000000000000000000e+00 5.323357835679728571e-89
1.000000000000000000e+00 1.724404058524877360e-90
1.000000000000000000e+00 4.696193120111178042e-99
1.000000000000000000e+00 5.170820378418128942e-105
1.000000000000000000e+00 3.451635233636637373e-62
1.000000000000000000e+00 6.212288002931177762e-63
1.000000000000000000e+00 5.642064903524494915e-57
9.999231689883976149e-01 7.683101160374595563e-05
1.000000000000000000e+00 1.422368182509530118e-78
9.999989440674387220e-01 1.055932559086648266e-06
1.204750510345421317e-09 9.999999987952463698e-01
6.822616727230001046e-28 1.000000000000000000e+00
1.204750510345421317e-09 9.999999987952463698e-01
2.703748153325041828e-95 1.000000000000000000e+00
5.622289177614332635e-105 1.000000000000000000e+00
9.999674036398716881e-01 3.259636012961560645e-05
1.949685842944967886e-39 1.000000000000000000e+00
1.000000000000000000e+00 1.343291910161526772e-21
1.000000000000000000e+00 2.281101813957898462e-54
1.000000000000000000e+00 2.012356669539367164e-64
1.000000000000000000e+00 2.957733037846632709e-88
1.000000000000000000e+00 1.992320905034680453e-99
1.000000000000000000e+00 1.724404058524877360e-90
1.000000000000000000e+00 6.150436174503541839e-98
1.000000000000000000e+00 2.152247700612342947e-86
1.000000000000000000e+00 5.323357835679728571e-89
1.000000000000000000e+00 3.044985164942689816e-72
1.000000000000000000e+00 4.064673745814897002e-90
1.000000000000000000e+00 3.873637179141684084e-87
1.000000000000000000e+00 9.400085529374042992e-71
1.000000000000000000e+00 1.316676451258053422e-91
1.000000000000000000e+00 1.106961723165807956e-98
1.000000000000000000e+00 3.762640551843682533e-103
1.000000000000000000e+00 3.417269481407466551e-97
1.000000000000000000e+00 9.130732014362474794e-87
1.000000000000000000e+00 1.898683341675697186e-96
1.000000000000000000e+00 8.055006293211729196e-97
1.000000000000000000e+00 3.518077778609225361e-81
1.000000000000000000e+00 3.873637179141684084e-87
1.000000000000000000e+00 1.161553869320063178e-101
1.000000000000000000e+00 5.861370364107199250e-95
1.000000000000000000e+00 7.456463967223582227e-110
1.000000000000000000e+00 1.291809651877708888e-72
1.000000000000000000e+00 1.231095583264845133e-69
1.000000000000000000e+00 2.032593923603839491e-29
1.000000000000000000e+00 2.417670365804780751e-22
9.999999999999928946e-01 6.778447044539212215e-15
6.252768482909851388e-76 1.000000000000000000e+00
1.072487612660847682e-73 1.000000000000000000e+00
9.838399338161121026e-33 1.000000000000000000e+00
3.863712739766734419e-46 1.000000000000000000e+00
1.032360069910029499e-35 1.000000000000000000e+00
2.839773971444125942e-09 9.999999971602235860e-01
1.000000000000000000e+00 4.653835951473842724e-45
3.612580512386535639e-24 1.000000000000000000e+00
1.000000000000000000e+00 1.809446672393983462e-93
1.000000000000000000e+00 2.847068301470657647e-50
1.000000000000000000e+00 5.480395096487434649e-73
1.000000000000000000e+00 3.518077778609225361e-81
1.000000000000000000e+00 1.075242433997006149e-114
1.000000000000000000e+00 1.044432041029896359e-130
1.000000000000000000e+00 2.534504410522807556e-114
1.000000000000000000e+00 4.696193120111178042e-99
1.000000000000000000e+00 3.103599864952491127e-91
1.000000000000000000e+00 3.948203086331192282e-106
1.000000000000000000e+00 4.696193120111178042e-99
1.000000000000000000e+00 8.789102111203685227e-49
1.000000000000000000e+00 1.065544318111029540e-60
1.000000000000000000e+00 3.386447524986534392e-43
1.000000000000000000e+00 1.207845067272247214e-50
1.000000000000000000e+00 1.316676451258053422e-91
1.000000000000000000e+00 7.676427139504574718e-94
1.000000000000000000e+00 9.400085529374042992e-71
1.000000000000000000e+00 1.536543958602350332e-65
1.000000000000000000e+00 4.028012546646099466e-36
1.000000000000000000e+00 3.227287073533689097e-40
4.964599906565835881e-26 1.000000000000000000e+00
1.313303064693295845e-50 1.000000000000000000e+00
1.000000000000000000e+00 4.653835951473842724e-45
1.000000000000000000e+00 2.090576401821188179e-102
1.000000000000000000e+00 2.765487357118274900e-66
1.000000000000000000e+00 1.775273396682352825e-74
1.000000000000000000e+00 1.076259958836119100e-25
1.092971115565328447e-03 9.989070288844330570e-01
1.000000000000000000e+00 7.177477456719774328e-72
1.000000000000000000e+00 2.415384635829773848e-111
1.000000000000000000e+00 2.659498827503629547e-117
1.000000000000000000e+00 6.268829516922648385e-117
1.000000000000000000e+00 2.928284757870447502e-123
1.000000000000000000e+00 9.953445314981992834e-128
1.000000000000000000e+00 3.835069820047641121e-122
1.000000000000000000e+00 1.550528906127467655e-119
1.000000000000000000e+00 2.765487357118274900e-66
1.000000000000000000e+00 5.124182323900147433e-51
1.000000000000000000e+00 3.873637179141684084e-87
1.000000000000000000e+00 6.710958328078328294e-50
1.000000000000000000e+00 3.728703531729750868e-49
1.000000000000000000e+00 2.635511560063046911e-63
1.000000000000000000e+00 2.737953145977116122e-101
1.000000000000000000e+00 6.453757873458979055e-101
1.000000000000000000e+00 1.844277769474070560e-112
1.000000000000000000e+00 2.790657607116103355e-120
1.000000000000000000e+00 7.242803700746514409e-126
1.000000000000000000e+00 3.835069820047641121e-122
1.000000000000000000e+00 9.765464184490012213e-109
1.000000000000000000e+00 9.953445314981992834e-128
1.000000000000000000e+00 7.974807682487966932e-132
1.000000000000000000e+00 5.270356523544554377e-124
1.000000000000000000e+00 1.992320905034680453e-99
9.999975110153722646e-01 2.488984631158653990e-06
9.999999999995097255e-01 4.932459041653873256e-13
9.999999193737171277e-01 8.062628267337557659e-08
1.000000000000000000e+00 4.146837558292833110e-20
1.000000000000000000e+00 2.393599148792764404e-57
1.000000000000000000e+00 2.511644526360673195e-60
1.000000000000000000e+00 9.774705451446561911e-20
1.987216485824081604e-58 1.000000000000000000e+00
5.147824892212000730e-242 1.000000000000000000e+00
2.894438449411592796e-28 1.000000000000000000e+00
1.000000000000000000e+00 2.713258262237595403e-47
1.000000000000000000e+00 1.409539176667663133e-24
4.964599906565835881e-26 1.000000000000000000e+00
3.064826882027795824e-85 1.000000000000000000e+00
3.248316705402696995e-53 1.000000000000000000e+00
2.865620353678359928e-63 1.000000000000000000e+00
1.000000000000000000e+00 2.195753498995609816e-16
1.000000000000000000e+00 5.808503915349681818e-41
1.000000000000000000e+00 2.348393548149894251e-38
1.000000000000000000e+00 3.319349782308188500e-113
1.000000000000000000e+00 7.456463967223582227e-110
1.000000000000000000e+00 3.044985164942689816e-72
1.000000000000000000e+00 1.303567135347252724e-126
1.000000000000000000e+00 4.561626671739925511e-115
1.000000000000000000e+00 1.054935366253879929e-95
1.000000000000000000e+00 3.289411009582433353e-59
1.000000000000000000e+00 2.132835569025157709e-32
9.999999999999857891e-01 1.597779569303302128e-14
8.346662631970263170e-94 1.000000000000000000e+00
1.082248923361457279e-127 1.000000000000000000e+00
4.774329413062510661e-77 1.000000000000000000e+00
4.591351120616269979e-128 1.000000000000000000e+00
1.987216485824081604e-58 1.000000000000000000e+00
2.125359871323874522e-80 1.000000000000000000e+00
6.953949266170718893e-47 1.000000000000000000e+00
9.190229644595531383e-100 1.000000000000000000e+00
1.000000000000000000e+00 7.902879151183741404e-78
1.000000000000000000e+00 6.268829516922648385e-117
1.000000000000000000e+00 3.800479526389408251e-68
1.000000000000000000e+00 2.609271435850755762e-98
1.000000000000000000e+00 1.316676451258053422e-91
1.000000000000000000e+00 7.456463967223582227e-110
1.000000000000000000e+00 1.316676451258053422e-91
1.000000000000000000e+00 2.301863399716514129e-108
1.000000000000000000e+00 7.824195174339282607e-113
1.000000000000000000e+00 7.753625087897217322e-59
1.000000000000000000e+00 1.550528906127467655e-119
1.000000000000000000e+00 2.346173314322359480e-127
1.000000000000000000e+00 8.958288677212135139e-68
1.000000000000000000e+00 6.150436174503541839e-98
1.000000000000000000e+00 4.064673745814897002e-90
1.000000000000000000e+00 9.039823081982942462e-122
1.000000000000000000e+00 1.844277769474070560e-112
1.000000000000000000e+00 8.614958290144378944e-119
1.000000000000000000e+00 2.301863399716514129e-108
1.000000000000000000e+00 1.183913298974619156e-120
1.000000000000000000e+00 8.614958290144378944e-119
1.000000000000000000e+00 6.268829516922648385e-117
1.000000000000000000e+00 9.485640974842382231e-125
1.000000000000000000e+00 4.927795763468409892e-102
1.000000000000000000e+00 3.835069820047641121e-122
1.000000000000000000e+00 9.306494814146960204e-106
1.000000000000000000e+00 9.485640974842382231e-125
1.000000000000000000e+00 2.301863399716514129e-108
1.000000000000000000e+00 1.844277769474070560e-112
1.000000000000000000e+00 3.014668170640258862e-107
1.000000000000000000e+00 7.676427139504574718e-94
1.000000000000000000e+00 1.898683341675697186e-96
1.000000000000000000e+00 2.686244063210770850e-82
1.000000000000000000e+00 7.112740420736260975e-18
1.000000000000000000e+00 3.987908169511360016e-71
1.000000000000000000e+00 1.106961723165807956e-98
1.000000000000000000e+00 3.256660421506563492e-94
1.000000000000000000e+00 2.872981065354514877e-104
1.000000000000000000e+00 2.899129675821903129e-158
1.000000000000000000e+00 1.303567135347252724e-126
1.000000000000000000e+00 1.303567135347252724e-126
1.000000000000000000e+00 4.786592887600913570e-118
1.000000000000000000e+00 1.791431154588150821e-128
1.000000000000000000e+00 3.654824462809578518e-119
1.000000000000000000e+00 1.809446672393983462e-93
1.000000000000000000e+00 9.863670522732679440e-74
1.000000000000000000e+00 6.453757873458979055e-101
1.000000000000000000e+00 4.520483221022723586e-61
1.000000000000000000e+00 3.017521015401201545e-18
1.000000000000000000e+00 9.048377659289475998e-33
1.949685842944967886e-39 1.000000000000000000e+00
1.352045062180420838e-34 1.000000000000000000e+00
1.000000000000000000e+00 2.609271435850755762e-98
2.576674051772042173e-92 1.000000000000000000e+00
1.000000000000000000e+00 6.212288002931177762e-63
1.000000000000000000e+00 3.585799314981060380e-100
2.894438449411592796e-28 1.000000000000000000e+00
2.433424377337840430e-35 1.000000000000000000e+00
9.999231689883976149e-01 7.683101160374595563e-05
1.000000000000000000e+00 1.643358382660453840e-87
1.000000000000000000e+00 1.408206560777331352e-113
1.000000000000000000e+00 1.862824738979298199e-77
1.000000000000000000e+00 6.971811372532272288e-88
1.000000000000000000e+00 1.254793662036213814e-88
1.000000000000000000e+00 6.150436174503541839e-98
1.000000000000000000e+00 8.452255874321764465e-100
1.000000000000000000e+00 4.696193120111178042e-99
1.000000000000000000e+00 2.511644526360673195e-60
1.000000000000000000e+00 8.623110808838550022e-30
1.000000000000000000e+00 2.051093699806637245e-83
1.000000000000000000e+00 8.701594572019658268e-84
1.000000000000000000e+00 7.315640917348871972e-91
1.000000000000000000e+00 1.139616720667537975e-82
1.000000000000000000e+00 4.520483221022723586e-61
1.000000000000000000e+00 1.628536162542184776e-33
2.839773971444125942e-09 9.999999971602235860e-01
4.822342431218305074e-42 1.000000000000000000e+00
7.159088424251109798e-31 1.000000000000000000e+00
9.869922081070894304e-01 1.300779189291120970e-02
2.628759256353157747e-22 1.000000000000000000e+00
1.000000000000000000e+00 5.430964842373470271e-19
4.296986597991545276e-17 1.000000000000000000e+00
9.999999854887989814e-01 1.451120085943545275e-08
1.000000000000000000e+00 5.698804298994920017e-22
6.134678469762452746e-57 1.000000000000000000e+00
1.000000000000000000e+00 4.146837558292833110e-20
1.000000000000000000e+00 2.417670365804780751e-22
1.000000000000000000e+00 2.931055856166239579e-34
2.387466635979200849e-16 1.000000000000000000e+00
6.315649415654033184e-41 1.000000000000000000e+00
2.125359871323874522e-80 1.000000000000000000e+00
8.189027257720647307e-75 1.000000000000000000e+00
2.340162308712324008e-86 1.000000000000000000e+00
2.528010891848245301e-73 1.000000000000000000e+00
9.999999999972573050e-01 2.740544129404615907e-12
5.111053926848677382e-10 9.999999994888923993e-01
3.612580512386535639e-24 1.000000000000000000e+00
1.000000000000000000e+00 1.708850849439155067e-36
1.000000000000000000e+00 7.831599377043855994e-24
1.446033856845175767e-56 1.000000000000000000e+00
9.989947060363771891e-01 1.005293963624448233e-03
9.995732653933986356e-01 4.267346066039862367e-04
1.000000000000000000e+00 2.012356669539367164e-64
1.000000000000000000e+00 9.476672997147056032e-214
1.000000000000000000e+00 8.614958290144378944e-119
1.000000000000000000e+00 9.863670522732679440e-74
1.000000000000000000e+00 2.686244063210770850e-82
1.000000000000000000e+00 2.130819129455063174e-121
1.000000000000000000e+00 3.319349782308188500e-113
1.000000000000000000e+00 2.984653023503387253e-142
1.000000000000000000e+00 4.024204356270854258e-125
1.000000000000000000e+00 2.069761852839961136e-137
1.000000000000000000e+00 6.389501882020855275e-136
1.000000000000000000e+00 8.368102100390024531e-135
1.000000000000000000e+00 2.069761852839961136e-137
1.000000000000000000e+00 3.224235910352053980e-129
1.000000000000000000e+00 5.119337785412348709e-140
1.000000000000000000e+00 4.222666460039693781e-128
1.000000000000000000e+00 5.119337785412348709e-140
1.000000000000000000e+00 1.206703138365615986e-139
1.000000000000000000e+00 4.430916139971502584e-131
1.000000000000000000e+00 7.599997802333807999e-129
1.000000000000000000e+00 3.224235910352053980e-129
1.000000000000000000e+00 1.707235256318396541e-125
1.000000000000000000e+00 2.790657607116103355e-120
1.000000000000000000e+00 6.268829516922648385e-117
1.000000000000000000e+00 9.765464184490012213e-109
1.000000000000000000e+00 3.417269481407466551e-97
1.000000000000000000e+00 6.453757873458979055e-101
1.000000000000000000e+00 1.231095583264845133e-69
1.000000000000000000e+00 9.315301748601053206e-17
7.512153930858180142e-34 1.000000000000000000e+00
5.204514452275431470e-118 1.000000000000000000e+00
2.652685067294256701e-76 1.000000000000000000e+00
2.210061456950233188e-29 1.000000000000000000e+00
1.000000000000000000e+00 1.076259958836119100e-25
1.000000000000000000e+00 1.395505285245408886e-59
1.000000000000000000e+00 3.256660421506563492e-94
1.000000000000000000e+00 1.195819316721163634e-85
1.000000000000000000e+00 6.268829516922648385e-117
1.000000000000000000e+00 1.266214242241669381e-142
1.000000000000000000e+00 4.430916139971502584e-131
1.000000000000000000e+00 7.974807682487966932e-132
1.000000000000000000e+00 2.461879787092722879e-130
1.000000000000000000e+00 9.953445314981992834e-128
1.000000000000000000e+00 5.530275243041133670e-127
1.000000000000000000e+00 9.039823081982942462e-122
1.000000000000000000e+00 1.183913298974619156e-120
1.000000000000000000e+00 1.044432041029896359e-130
1.000000000000000000e+00 7.746294604164686577e-148
1.000000000000000000e+00 1.435313952321012977e-132
1.000000000000000000e+00 2.130819129455063174e-121
1.000000000000000000e+00 6.389501882020855275e-136
1.000000000000000000e+00 8.368102100390024531e-135
1.000000000000000000e+00 2.461879787092722879e-130
1.000000000000000000e+00 7.974807682487966932e-132
1.000000000000000000e+00 2.171836512884747874e-140
1.000000000000000000e+00 1.303567135347252724e-126
1.000000000000000000e+00 4.786592887600913570e-118
0.000000000000000000e+00 1.000000000000000000e+00
1.000000000000000000e+00 1.435313952321012977e-132
1.000000000000000000e+00 1.106961723165807956e-98
1.000000000000000000e+00 2.984653023503387253e-142
1.000000000000000000e+00 1.972484623984133141e-134
1.000000000000000000e+00 1.206703138365615986e-139
1.000000000000000000e+00 4.303951035953657432e-147
1.000000000000000000e+00 1.266214242241669381e-142
1.000000000000000000e+00 6.089200165666753322e-133
1.000000000000000000e+00 1.044432041029896359e-130
1.000000000000000000e+00 3.908893321589385427e-141
1.000000000000000000e+00 7.035265734286144415e-142
1.000000000000000000e+00 1.740098826080956690e-144
1.000000000000000000e+00 7.035265734286144415e-142
1.000000000000000000e+00 2.069761852839961136e-137
1.000000000000000000e+00 1.149989010993535990e-136
1.000000000000000000e+00 1.972484623984133141e-134
1.000000000000000000e+00 1.266214242241669381e-142
1.000000000000000000e+00 1.506099479428722878e-135
1.000000000000000000e+00 5.270356523544554377e-124
1.000000000000000000e+00 1.658315508108913713e-141
1.000000000000000000e+00 9.039823081982942462e-122
1.000000000000000000e+00 1.435313952321012977e-132
1.000000000000000000e+00 2.346173314322359480e-127
1.000000000000000000e+00 8.368102100390024531e-135
1.000000000000000000e+00 1.477655229843416205e-116
1.000000000000000000e+00 1.550528906127467655e-119
1.000000000000000000e+00 3.319349782308188500e-113
1.000000000000000000e+00 7.824195174339282607e-113
1.000000000000000000e+00 1.161553869320063178e-101
1.000000000000000000e+00 3.166336412400835939e-21
1.378071368197248245e-53 1.000000000000000000e+00
3.790742520341156552e-27 1.000000000000000000e+00
1.012862880055830673e-16 1.000000000000000000e+00
2.950155187659915990e-47 1.000000000000000000e+00
1.911055532559734619e-109 1.000000000000000000e+00
3.856410479353932502e-224 1.000000000000000000e+00
1.104125635529851896e-57 1.000000000000000000e+00
4.508901531878823556e-20 1.000000000000000000e+00
9.999999193737171277e-01 8.062628267337557659e-08
1.000000000000000000e+00 1.422368182509530118e-78
1.000000000000000000e+00 6.710958328078328294e-50
1.000000000000000000e+00 5.808503915349681818e-41
1.000000000000000000e+00 3.838699028380802484e-33
1.000000000000000000e+00 1.015464547655210530e-57
1.000000000000000000e+00 4.520483221022723586e-61
1.000000000000000000e+00 1.757598120601095918e-109
1.000000000000000000e+00 5.585890426387290933e-92
1.000000000000000000e+00 1.096977516131977949e-44
1.000000000000000000e+00 1.015464547655210530e-57
1.000000000000000000e+00 1.659884807429365910e-52
9.944399109654167290e-01 5.560089034586108113e-03
9.999999999972573050e-01 2.740544129404615907e-12
1.052232572573292457e-54 1.000000000000000000e+00
1.000000000000000000e+00 6.212288002931177762e-63
1.000000000000000000e+00 1.479053566490213030e-27
1.000000000000000000e+00 4.226662459335753805e-39
1.822960855501110135e-17 1.000000000000000000e+00
1.000000000000000000e+00 1.185033661370357660e-31
9.999999999935411665e-01 6.459865202083659153e-12
2.319055287127720842e-32 1.000000000000000000e+00
1.170229146639538633e-25 1.000000000000000000e+00
7.370279118303499093e-15 9.999999999999928946e-01
1.391929935527405936e-18 1.000000000000000000e+00
1.655632104999518199e-11 9.999999999834443543e-01
1.000000000000000000e+00 1.045420409337039244e-41
1.000000000000000000e+00 5.073164076552342261e-86
1.000000000000000000e+00 1.395505285245408886e-59
1.000000000000000000e+00 2.957733037846632709e-88
1.000000000000000000e+00 1.195819316721163634e-85
1.000000000000000000e+00 1.492515261743579191e-81
1.000000000000000000e+00 6.453757873458979055e-101
1.000000000000000000e+00 1.643358382660453840e-87
1.000000000000000000e+00 2.957733037846632709e-88
1.000000000000000000e+00 1.521245560772407637e-100
1.000000000000000000e+00 2.872981065354514877e-104
1.000000000000000000e+00 2.559992640544816119e-79
1.000000000000000000e+00 5.535508660407306585e-38
1.000000000000000000e+00 2.511644526360673195e-60
3.186968877876914720e-34 1.000000000000000000e+00
4.549939571150621898e-74 1.000000000000000000e+00
3.787158651364815129e-116 1.000000000000000000e+00
1.967431026250646665e-93 1.000000000000000000e+00
1.300227335462400271e-85 1.000000000000000000e+00
6.878204193653274258e-171 1.000000000000000000e+00
1.735640611615900699e-103 1.000000000000000000e+00
1.655632104999518199e-11 9.999999999834443543e-01
1.000000000000000000e+00 3.658283101117580856e-30
1.000000000000000000e+00 1.025676561436609981e-22
1.000000000000000000e+00 5.376892155227808451e-54
1.000000000000000000e+00 1.566121791763007075e-84
1.000000000000000000e+00 3.044985164942689816e-72
1.000000000000000000e+00 2.235904957545170482e-124
1.000000000000000000e+00 9.485640974842382231e-125
9.999941331173198833e-01 5.866882683333770442e-06
9.376002071207656010e-30 1.000000000000000000e+00
6.309678432432935104e-130 1.000000000000000000e+00
3.977690962523754259e-30 1.000000000000000000e+00
1.000000000000000000e+00 2.132835569025157709e-32
1.000000000000000000e+00 4.226662459335753805e-39
1.000000000000000000e+00 1.536543958602350332e-65
1.000000000000000000e+00 5.222820705843254186e-70
1.000000000000000000e+00 3.352730805604806228e-78
2.979823407487933813e-12 9.999999999970228259e-01
1.000000000000000000e+00 4.308023956576908436e-58
1.000000000000000000e+00 1.035011818530807613e-76
1.000000000000000000e+00 1.342021926201593649e-110
1.000000000000000000e+00 1.128270276676286515e-117
1.000000000000000000e+00 6.268829516922648385e-117
1.000000000000000000e+00 8.376021013810954375e-46
1.000000000000000000e+00 3.948203086331192282e-106
1.000000000000000000e+00 5.530275243041133670e-127
1.000000000000000000e+00 1.879779350709033008e-131
1.000000000000000000e+00 7.242803700746514409e-126
1.000000000000000000e+00 4.561626671739925511e-115
1.000000000000000000e+00 1.183913298974619156e-120
1.000000000000000000e+00 3.383245887273697177e-132
1.000000000000000000e+00 6.902397449569057587e-123
1.000000000000000000e+00 4.430916139971502584e-131
1.000000000000000000e+00 4.649436090977532412e-134
1.000000000000000000e+00 1.303567135347252724e-126
1.000000000000000000e+00 2.928284757870447502e-123
1.000000000000000000e+00 2.790657607116103355e-120
1.000000000000000000e+00 3.319349782308188500e-113
1.000000000000000000e+00 3.654824462809578518e-119
1.000000000000000000e+00 6.902397449569057587e-123
1.000000000000000000e+00 3.014668170640258862e-107
1.000000000000000000e+00 3.835069820047641121e-122
1.000000000000000000e+00 4.024204356270854258e-125
1.000000000000000000e+00 1.367855291012556682e-129
1.000000000000000000e+00 1.879779350709033008e-131
1.000000000000000000e+00 4.142917027584918874e-109
1.000000000000000000e+00 1.464327564187934105e-62
1.000000000000000000e+00 9.774705451446561911e-20
1.000000000000000000e+00 3.386447524986534392e-43
1.000000000000000000e+00 4.607500645918511486e-80
1.000000000000000000e+00 3.835069820047641121e-122
1.000000000000000000e+00 5.022653785670848396e-121
1.000000000000000000e+00 2.461879787092722879e-130
1.000000000000000000e+00 2.193677575138258009e-105
1.000000000000000000e+00 5.974199309712129724e-114
1.000000000000000000e+00 1.218838342010176940e-104
1.000000000000000000e+00 2.439674938475390200e-76
1.000000000000000000e+00 3.585799314981060380e-100
1.000000000000000000e+00 1.195819316721163634e-85
1.000000000000000000e+00 7.315640917348871972e-91
1.000000000000000000e+00 2.348393548149894251e-38
1.000000000000000000e+00 3.585799314981060380e-100
1.000000000000000000e+00 5.750672310077047272e-76
1.000000000000000000e+00 3.728703531729750868e-49
1.000000000000000000e+00 9.765464184490012213e-109
1.000000000000000000e+00 5.920315203767122779e-60
1.000000000000000000e+00 1.827643363158604808e-58
1.000000000000000000e+00 9.494617439127678423e-36
1.391929935527405936e-18 1.000000000000000000e+00
1.000000000000000000e+00 3.951939355084405624e-17
1.000000000000000000e+00 5.698804298994920017e-22
1.000000000000000000e+00 2.847068301470657647e-50
1.000000000000000000e+00 5.750672310077047272e-76
1.000000000000000000e+00 1.422368182509530118e-78
1.000000000000000000e+00 1.507524733475318225e-46
1.000000000000000000e+00 5.535508660407306585e-38
1.000000000000000000e+00 3.451635233636637373e-62
1.000000000000000000e+00 3.289411009582433353e-59
1.000000000000000000e+00 2.931055856166239579e-34
1.577818633641340599e-08 9.999999842218160184e-01
1.000000000000000000e+00 1.076259958836119100e-25
1.000000000000000000e+00 3.227287073533689097e-40
1.000000000000000000e+00 7.753625087897217322e-59
1.000000000000000000e+00 6.710958328078328294e-50
1.000000000000000000e+00 1.267412487774957817e-53
1.000000000000000000e+00 1.741745518698818327e-55
1.000000000000000000e+00 3.256660421506563492e-94
1.000000000000000000e+00 8.452255874321764465e-100
1.000000000000000000e+00 1.992320905034680453e-99
1.000000000000000000e+00 1.566121791763007075e-84
1.000000000000000000e+00 9.048377659289475998e-33
1.000000000000000000e+00 4.561626671739925511e-115
1.000000000000000000e+00 2.235904957545170482e-124
1.000000000000000000e+00 2.049154541177969139e-172
1.000000000000000000e+00 1.342021926201593649e-110
1.000000000000000000e+00 2.235904957545170482e-124
1.000000000000000000e+00 1.757598120601095918e-109
1.000000000000000000e+00 4.222666460039693781e-128
1.000000000000000000e+00 8.614958290144378944e-119
1.000000000000000000e+00 2.130819129455063174e-121
1.000000000000000000e+00 7.242803700746514409e-126
1.000000000000000000e+00 7.456463967223582227e-110
1.000000000000000000e+00 2.069761852839961136e-137
1.000000000000000000e+00 1.550528906127467655e-119
1.000000000000000000e+00 4.786592887600913570e-118
1.000000000000000000e+00 3.319349782308188500e-113
1.000000000000000000e+00 1.128270276676286515e-117
1.000000000000000000e+00 8.452255874321764465e-100
1.000000000000000000e+00 1.044432041029896359e-130
1.000000000000000000e+00 7.456463967223582227e-110
1.000000000000000000e+00 1.044432041029896359e-130
1.000000000000000000e+00 3.483050499921638135e-116
1.000000000000000000e+00 3.725178316070502066e-138
1.000000000000000000e+00 9.039823081982942462e-122
1.000000000000000000e+00 7.599997802333807999e-129
1.000000000000000000e+00 3.383245887273697177e-132
1.000000000000000000e+00 1.149989010993535990e-136
1.000000000000000000e+00 4.430916139971502584e-131
1.000000000000000000e+00 1.206703138365615986e-139
1.000000000000000000e+00 1.044432041029896359e-130
1.000000000000000000e+00 2.461879787092722879e-130
1.000000000000000000e+00 2.235904957545170482e-124
1.000000000000000000e+00 5.803012400994949021e-130
1.000000000000000000e+00 5.803012400994949021e-130
1.000000000000000000e+00 5.270356523544554377e-124
1.000000000000000000e+00 2.235904957545170482e-124
1.000000000000000000e+00 3.585799314981060380e-100
1.000000000000000000e+00 6.908929335429328959e-34
1.000000000000000000e+00 3.987908169511360016e-71
1.000000000000000000e+00 2.301863399716514129e-108
1.000000000000000000e+00 7.974807682487966932e-132
1.000000000000000000e+00 1.435313952321012977e-132
1.000000000000000000e+00 4.878732813077712086e-137
1.000000000000000000e+00 3.163342873598820595e-110
1.000000000000000000e+00 4.222666460039693781e-128
1.000000000000000000e+00 9.953445314981992834e-128
1.000000000000000000e+00 2.461879787092722879e-130
1.000000000000000000e+00 7.824195174339282607e-113
1.000000000000000000e+00 1.477655229843416205e-116
1.000000000000000000e+00 2.659498827503629547e-117
1.000000000000000000e+00 4.222666460039693781e-128
1.000000000000000000e+00 1.449748179391338389e-97
1.000000000000000000e+00 6.268829516922648385e-117
1.000000000000000000e+00 2.931055856166239579e-34
3.126779667654678622e-15 1.000000000000000000e+00
1.000000000000000000e+00 1.691836900713228564e-71
1.000000000000000000e+00 1.881558225984470145e-42
1.000000000000000000e+00 6.512497140040039994e-155
1.000000000000000000e+00 4.878732813077712086e-137
2.602586360564768474e-57 1.000000000000000000e+00
9.976336029625262336e-01 2.366397037477030712e-03
9.838399338161121026e-33 1.000000000000000000e+00
4.508901531878823556e-20 1.000000000000000000e+00
4.684161253998322026e-58 1.000000000000000000e+00
6.687436076073188055e-98 1.000000000000000000e+00
5.571579114220525712e-51 1.000000000000000000e+00
2.146733541481529818e-45 1.000000000000000000e+00
1.655632104999518199e-11 9.999999999834443543e-01
9.999999995299333477e-01 4.700637225571512690e-10
8.528031200195620443e-01 1.471968799804406480e-01
1.000000000000000000e+00 3.691579185435290078e-84
1.000000000000000000e+00 6.331871967364910885e-82
1.000000000000000000e+00 3.948203086331192282e-106
1.000000000000000000e+00 1.827643363158604808e-58
1.000000000000000000e+00 1.954693859909044774e-80
1.000000000000000000e+00 1.596268985929636897e-103
1.000000000000000000e+00 1.395505285245408886e-59
2.363696138428484722e-51 1.000000000000000000e+00
2.979823407487933813e-12 9.999999999970228259e-01
4.637524018554896195e-93 1.000000000000000000e+00
1.000000000000000000e+00 2.132835569025157709e-32
1.000000000000000000e+00 5.275343974283884199e-35
1.000000000000000000e+00 2.051093699806637245e-83
1.000000000000000000e+00 4.265131682665804602e-93
1.000000000000000000e+00 4.142917027584918874e-109
1.000000000000000000e+00 3.948203086331192282e-106
1.000000000000000000e+00 6.274761843942506901e-28
1.412746858214241653e-02 9.858725314178604648e-01
3.541002259416271270e-94 1.000000000000000000e+00
2.811500143382630129e-44 1.000000000000000000e+00
1.000000000000000000e+00 5.974199309712129724e-114
1.000000000000000000e+00 3.654824462809578518e-119
1.000000000000000000e+00 5.480395096487434649e-73
9.999999999972573050e-01 2.740544129404615907e-12
1.227941458882121964e-28 1.000000000000000000e+00
1.364350781869952565e-88 1.000000000000000000e+00
8.107494284886710654e-110 1.000000000000000000e+00
2.806186522109453334e-222 1.000000000000000000e+00
4.955217014043888309e-204 1.000000000000000000e+00
1.213417968020029662e-241 1.000000000000000000e+00
2.359228848569686825e-229 1.000000000000000000e+00
8.107494284886710654e-110 1.000000000000000000e+00
1.000000000000000000e+00 2.954936718231747344e-177
4.415385552389589210e-179 1.000000000000000000e+00
0.000000000000000000e+00 1.000000000000000000e+00
4.628759286201525738e-271 1.000000000000000000e+00
1.487283919453536011e-129 1.000000000000000000e+00
5.571579114220525712e-51 1.000000000000000000e+00
1.737283085330735552e-14 9.999999999999857891e-01
1.000000000000000000e+00 2.847068301470657647e-50
2.409196307579856926e-70 1.000000000000000000e+00
1.000000000000000000e+00 7.112740420736260975e-18
1.000000000000000000e+00 4.565943436310762800e-26
1.000000000000000000e+00 2.901873184042601050e-69
1.000000000000000000e+00 4.265131682665804602e-93
1.000000000000000000e+00 1.917777440526755797e-61
1.000000000000000000e+00 1.881558225984470145e-42
1.000000000000000000e+00 4.883349661951735684e-48
1.000000000000000000e+00 2.585737192817323088e-44
1.000000000000000000e+00 1.759261373173245139e-20
1.000000000000000000e+00 8.452255874321764465e-100
