9.001984399846272223e-306 1.000000000000000000e+00
2.145481083567945709e-181 1.000000000000000000e+00
4.789866080854006141e-140 1.000000000000000000e+00
1.000000000000000000e+00 2.743874552651612132e-50
9.998777117066881548e-01 1.222882933066201403e-04
4.471252101152952621e-06 9.999955287478942134e-01
1.000000000000000000e+00 3.508874982112586414e-64
1.000000000000000000e+00 9.265763471880169727e-206
1.000000000000000000e+00 2.632424717201617443e-91
1.000000000000000000e+00 2.679074505699426798e-92
1.000000000000000000e+00 9.503503183509777050e-34
1.000000000000000000e+00 1.746393890622947523e-111
9.999999999703774733e-01 2.962307971351106559e-11
1.000000000000000000e+00 1.965243871799915465e-31
9.003412589912055536e-03 9.909965874100929994e-01
2.669588683580663728e-20 1.000000000000000000e+00
1.000000000000000000e+00 3.508874982112586414e-64
1.000000000000000000e+00 3.137937407216530857e-101
1.000000000000000000e+00 1.324977402182309501e-182
1.000000000000000000e+00 7.648690998305129807e-65
1.000000000000000000e+00 1.067910649282672555e-83
1.771049077684174426e-40 1.000000000000000000e+00
2.148561276718801796e-51 1.000000000000000000e+00
4.262576422336154983e-90 1.000000000000000000e+00
7.525674316914063144e-79 1.000000000000000000e+00
3.333254970212457279e-76 1.000000000000000000e+00
7.394632378946092308e-78 1.000000000000000000e+00
1.134381607256128654e-58 1.000000000000000000e+00
7.707701374409048118e-37 1.000000000000000000e+00
5.296253778404635516e-59 1.000000000000000000e+00
1.000000000000000000e+00 1.705150603461775291e-153
1.000000000000000000e+00 2.709336791523570719e-136
1.000000000000000000e+00 7.735089070735406815e-109
1.000000000000000000e+00 2.943605315787797605e-54
1.000000000000000000e+00 2.943605315787797605e-54
3.474376087750462310e-35 1.000000000000000000e+00
1.127219641390743166e-101 1.000000000000000000e+00
1.493034536786965708e-117 1.000000000000000000e+00
8.362158779566907558e-85 1.000000000000000000e+00
2.048277637530568819e-135 1.000000000000000000e+00
1.843384085021113231e-129 1.000000000000000000e+00
1.416391653801167793e-114 1.000000000000000000e+00
1.014461472014138384e-95 1.000000000000000000e+00
3.680365038885699974e-125 1.000000000000000000e+00
1.476357895461253467e-73 1.000000000000000000e+00
1.352220428642803088e-68 1.000000000000000000e+00
7.265872228474231527e-77 1.000000000000000000e+00
1.529147271941386181e-75 1.000000000000000000e+00
3.598607581952298503e-37 1.000000000000000000e+00
1.230701431686349072e-106 1.000000000000000000e+00
5.450995473984474275e-104 1.000000000000000000e+00
1.601714770413157554e-121 1.000000000000000000e+00
8.814646589078967116e-88 1.000000000000000000e+00
9.396575388317141145e-135 1.000000000000000000e+00
5.322263363292268008e-146 1.000000000000000000e+00
1.180713187175447769e-147 1.000000000000000000e+00
7.610682817690063714e-123 1.000000000000000000e+00
8.022507238617467792e-126 1.000000000000000000e+00
2.682698873608047925e-107 1.000000000000000000e+00
3.312210325124325386e-119 1.000000000000000000e+00
9.456277996147031868e-92 1.000000000000000000e+00
2.669588683580663728e-20 1.000000000000000000e+00
1.000000000000000000e+00 3.083297599307269628e-100
1.000000000000000000e+00 5.766373316551697262e-179
1.000000000000000000e+00 5.794691630307791489e-266
1.000000000000000000e+00 0.000000000000000000e+00
1.000000000000000000e+00 6.040023405416147664e-225
1.000000000000000000e+00 0.000000000000000000e+00
1.000000000000000000e+00 9.536483118349584101e-251
1.000000000000000000e+00 5.401507742762565114e-262
1.000000000000000000e+00 3.937277575513095920e-244
1.000000000000000000e+00 0.000000000000000000e+00
1.000000000000000000e+00 3.063831070567900052e-143
1.000000000000000000e+00 1.726887319402625926e-67
1.000000000000000000e+00 2.000070398981114291e-32
1.822794169348362360e-85 1.000000000000000000e+00
2.590086472293474240e-105 1.000000000000000000e+00
8.022507238617467792e-126 1.000000000000000000e+00
1.032438971159958548e-96 1.000000000000000000e+00
1.216954953726760257e-62 1.000000000000000000e+00
1.268477577887847272e-21 1.000000000000000000e+00
1.000000000000000000e+00 2.411081005771570931e-86
1.000000000000000000e+00 1.179118025293209034e-132
1.000000000000000000e+00 1.536783919938831028e-17
4.387116961883124510e-135 1.000000000000000000e+00
6.926739192404692343e-161 1.000000000000000000e+00
5.017174859988985949e-186 1.000000000000000000e+00
2.387375507756313263e-57 1.000000000000000000e+00
1.000000000000000000e+00 8.649458865024383850e-72
1.000000000000000000e+00 4.298730230748027562e-249
1.000000000000000000e+00 4.135975985767398869e-30
1.000000000000000000e+00 1.897399524479877076e-29
1.000000000000000000e+00 3.291570770671625149e-17
1.000000000000000000e+00 4.083915533338977261e-116
1.000000000000000000e+00 8.205450741066883377e-69
1.000000000000000000e+00 2.094986113304189065e-78
1.000000000000000000e+00 3.234255798675564848e-16
1.045600173701002149e-10 9.999999998954436364e-01
4.214965026645739521e-46 1.000000000000000000e+00
1.000000000000000000e+00 1.303775135093246718e-51
1.000000000000000000e+00 1.965243871799915465e-31
9.237670194726853258e-04 9.990762329805280562e-01
1.409469831929713737e-27 1.000000000000000000e+00
9.999999718975804974e-01 2.810241870128525528e-08
1.000000000000000000e+00 3.209228809955727963e-189
5.145904857034910104e-14 9.999999999999502620e-01
1.000000000000000000e+00 5.803010869113721230e-136
3.238631239857090815e-31 1.000000000000000000e+00
4.631148875219170076e-08 9.999999536885095797e-01
1.000000000000000000e+00 1.609713824603956445e-63
8.415289060073997606e-42 1.000000000000000000e+00
7.184715133930755081e-33 1.000000000000000000e+00
2.669588683580663728e-20 1.000000000000000000e+00
3.513621940010830473e-79 1.000000000000000000e+00
4.289659366705514807e-47 1.000000000000000000e+00
1.519492936490581668e-118 1.000000000000000000e+00
5.450995473984474275e-104 1.000000000000000000e+00
1.238520885252100949e-63 1.000000000000000000e+00
4.443042529403877332e-49 1.000000000000000000e+00
1.000000000000000000e+00 2.022662791224519377e-76
1.000000000000000000e+00 4.283863970172086856e-32
3.072380541008212805e-28 1.000000000000000000e+00
1.141589077789114018e-15 1.000000000000000000e+00
2.200529543499658140e-09 9.999999977994704636e-01
4.713218698612633635e-09 9.999999952867781872e-01
1.000000000000000000e+00 2.247483309202303672e-82
1.000000000000000000e+00 1.820331546070505115e-70
1.000000000000000000e+00 1.067910649282672555e-83
1.000000000000000000e+00 5.540098901173328115e-90
1.000000000000000000e+00 8.845967582511771384e-160
1.000000000000000000e+00 2.216012283033111762e-298
1.000000000000000000e+00 0.000000000000000000e+00
1.000000000000000000e+00 3.740525268303690780e-111
1.000000000000000000e+00 2.615804793317803945e-134
1.000000000000000000e+00 2.244261300699659068e-212
1.709908742649219502e-38 1.000000000000000000e+00
5.081132204596731620e-100 1.000000000000000000e+00
6.056877794691765318e-110 1.000000000000000000e+00
1.050735053598908430e-97 1.000000000000000000e+00
8.309363939306615566e-128 1.000000000000000000e+00
1.062603945057859812e-141 1.000000000000000000e+00
8.914215060941321485e-132 1.000000000000000000e+00
5.709678933053637766e-150 1.000000000000000000e+00
1.563888262555325681e-163 1.000000000000000000e+00
7.478160656400547058e-122 1.000000000000000000e+00
8.814646589078967116e-88 1.000000000000000000e+00
1.313833883849693792e-23 1.000000000000000000e+00
7.265872228474231527e-77 1.000000000000000000e+00
3.491438540490696457e-122 1.000000000000000000e+00
5.081132204596731620e-100 1.000000000000000000e+00
1.000000000000000000e+00 7.050072555919924256e-17
2.186636412724994637e-52 1.000000000000000000e+00
5.024377844794421335e-56 1.000000000000000000e+00
4.653892385317531522e-95 1.000000000000000000e+00
1.000000000000000000e+00 4.595692883457753640e-36
8.510346469745500920e-86 1.000000000000000000e+00
8.309363939306615566e-128 1.000000000000000000e+00
4.905720845724528009e-98 1.000000000000000000e+00
1.360811972115615624e-25 1.000000000000000000e+00
3.598607581952298503e-37 1.000000000000000000e+00
2.716897063052408003e-21 1.000000000000000000e+00
1.000000000000000000e+00 3.593745807133217765e-22
5.145904857034910104e-14 9.999999999999502620e-01
2.097820301162480240e-93 1.000000000000000000e+00
4.543984866117021435e-137 1.000000000000000000e+00
2.441614750524025111e-145 1.000000000000000000e+00
1.718306002003577396e-125 1.000000000000000000e+00
2.275945265286238522e-141 1.000000000000000000e+00
7.430946975379545326e-165 1.000000000000000000e+00
8.113127863980431766e-170 1.000000000000000000e+00
2.222195956701464811e-183 1.000000000000000000e+00
1.093650254971929772e-186 1.000000000000000000e+00
5.196571423221629809e-188 1.000000000000000000e+00
4.843971443023382569e-184 1.000000000000000000e+00
5.774174315871536449e-194 1.000000000000000000e+00
1.152829160957085924e-189 1.000000000000000000e+00
2.743647624653868487e-195 1.000000000000000000e+00
5.017174859988985949e-186 1.000000000000000000e+00
5.876499753256566521e-195 1.000000000000000000e+00
2.792268419223824722e-196 1.000000000000000000e+00
1.667133651871269390e-210 1.000000000000000000e+00
4.759625060412542557e-183 1.000000000000000000e+00
4.063621577256413159e-174 1.000000000000000000e+00
2.962062978233946286e-156 1.000000000000000000e+00
6.456743130928177121e-157 1.000000000000000000e+00
1.483608200603895014e-160 1.000000000000000000e+00
2.441614750524025111e-145 1.000000000000000000e+00
5.322263363292268008e-146 1.000000000000000000e+00
6.926739192404692343e-161 1.000000000000000000e+00
3.745585612726950513e-126 1.000000000000000000e+00
7.745553433905834732e-124 1.000000000000000000e+00
5.171176087380897952e-101 1.000000000000000000e+00
3.513621940010830473e-79 1.000000000000000000e+00
9.685001481371381964e-50 1.000000000000000000e+00
1.161819433735202909e-16 1.000000000000000000e+00
4.881746879137125101e-11 9.999999999511857141e-01
1.000000000000000000e+00 9.117492873770100510e-75
1.000000000000000000e+00 1.350393557810030209e-53
1.000000000000000000e+00 6.194997512713330207e-53
1.000000000000000000e+00 3.698744990131993636e-67
1.000000000000000000e+00 9.002728956928839602e-161
1.000000000000000000e+00 7.504732728045521156e-194
1.000000000000000000e+00 1.018066147569234638e-167
1.000000000000000000e+00 2.824042878886227281e-95
1.000000000000000000e+00 7.468057545031794325e-107
1.000000000000000000e+00 9.671916893721068733e-35
1.000000000000000000e+00 2.570256698222288531e-133
1.000000000000000000e+00 1.272984846271801397e-93
1.000000000000000000e+00 4.868162510493369227e-126
3.296023750027123728e-32 1.000000000000000000e+00
1.282806045030146361e-65 1.000000000000000000e+00
1.791054491226591989e-84 1.000000000000000000e+00
5.450995473984474275e-104 1.000000000000000000e+00
7.745553433905834732e-124 1.000000000000000000e+00
2.635985975259129793e-106 1.000000000000000000e+00
1.546420211426235361e-119 1.000000000000000000e+00
7.610682817690063714e-123 1.000000000000000000e+00
1.409469831929713737e-27 1.000000000000000000e+00
1.274706995249766368e-108 1.000000000000000000e+00
8.073479490069324713e-83 1.000000000000000000e+00
5.512568820571698157e-148 1.000000000000000000e+00
2.810009532288827306e-153 1.000000000000000000e+00
6.730104399257909409e-116 1.000000000000000000e+00
7.610682817690063714e-123 1.000000000000000000e+00
2.528918324189603979e-147 1.000000000000000000e+00
5.847781648061046997e-108 1.000000000000000000e+00
2.316277801506121029e-142 1.000000000000000000e+00
1.095220370902463591e-56 1.000000000000000000e+00
1.057411062702308867e-54 1.000000000000000000e+00
1.367494838153091503e-112 1.000000000000000000e+00
1.244603187092362119e-150 1.000000000000000000e+00
3.122344243395373307e-159 1.000000000000000000e+00
1.432390928542671781e-158 1.000000000000000000e+00
4.283509679678956961e-177 1.000000000000000000e+00
3.593448591817803573e-167 1.000000000000000000e+00
2.426199513368248452e-188 1.000000000000000000e+00
4.436672951151989109e-179 1.000000000000000000e+00
5.017174859988985949e-186 1.000000000000000000e+00
3.923336822971904689e-172 1.000000000000000000e+00
8.857934790189208936e-175 1.000000000000000000e+00
4.283509679678956961e-177 1.000000000000000000e+00
4.676747371899824562e-182 1.000000000000000000e+00
3.657128899817455421e-168 1.000000000000000000e+00
5.416580385386707218e-147 1.000000000000000000e+00
7.610682817690063714e-123 1.000000000000000000e+00
4.874748371364685278e-141 1.000000000000000000e+00
1.718306002003577396e-125 1.000000000000000000e+00
9.967970087795555683e-95 1.000000000000000000e+00
1.062603945057859812e-141 1.000000000000000000e+00
1.025920624403594870e-139 1.000000000000000000e+00
3.491438540490696457e-122 1.000000000000000000e+00
1.416391653801167793e-114 1.000000000000000000e+00
2.097820301162480240e-93 1.000000000000000000e+00
9.967970087795555683e-95 1.000000000000000000e+00
3.928969422255528746e-42 1.000000000000000000e+00
1.000000000000000000e+00 4.135975985767398869e-30
1.000000000000000000e+00 2.384150126309974329e-42
5.056301013359164746e-13 9.999999999994955147e-01
2.015094989079466376e-04 9.997984905010969259e-01
1.000000000000000000e+00 2.327845423904156986e-84
1.000000000000000000e+00 3.508874982112586414e-64
1.000000000000000000e+00 1.931023766772473570e-30
1.000000000000000000e+00 2.824042878886227281e-95
1.000000000000000000e+00 7.256055922066923888e-62
9.994392423940560155e-01 5.607576059432115663e-04
1.000000000000000000e+00 1.194149045734747115e-46
5.056301013359164746e-13 9.999999999994955147e-01
8.564418283878619373e-43 1.000000000000000000e+00
3.072380541008212805e-28 1.000000000000000000e+00
5.056301013359164746e-13 9.999999999994955147e-01
1.000000000000000000e+00 9.843315101042471516e-36
1.000000000000000000e+00 5.348843047667532234e-88
1.000000000000000000e+00 3.270789300524527744e-60
1.000000000000000000e+00 2.342635753010030164e-41
1.000000000000000000e+00 1.483730910325657151e-15
1.000000000000000000e+00 9.015653864227364657e-31
2.162212449270825894e-08 9.999999783778721341e-01
1.000000000000000000e+00 5.197001233356171595e-43
1.000000000000000000e+00 5.197001233356171595e-43
9.998777117066881548e-01 1.222882933066201403e-04
1.000000000000000000e+00 6.194997512713330207e-53
2.814043766003071279e-23 1.000000000000000000e+00
1.290956553387509876e-22 1.000000000000000000e+00
2.472739676475729161e-59 1.000000000000000000e+00
4.214965026645739521e-46 1.000000000000000000e+00
3.275214165811197451e-75 1.000000000000000000e+00
3.904163708985545985e-85 1.000000000000000000e+00
1.502520764667082595e-74 1.000000000000000000e+00
5.485629224224416083e-61 1.000000000000000000e+00
1.467036847954095409e-116 1.000000000000000000e+00
5.485629224224416083e-61 1.000000000000000000e+00
8.661160227214978430e-87 1.000000000000000000e+00
1.088305651145139017e-99 1.000000000000000000e+00
7.347946057208690031e-121 1.000000000000000000e+00
3.769383775322224265e-83 1.000000000000000000e+00
3.575887622016691237e-80 1.000000000000000000e+00
6.242792505768432949e-25 1.000000000000000000e+00
9.999987332377665572e-01 1.266762240260531792e-06
1.000000000000000000e+00 7.784235166016538244e-66
1.000000000000000000e+00 1.350393557810030209e-53
1.000000000000000000e+00 1.737859367423157815e-24
5.204031961484273984e-58 1.000000000000000000e+00
5.485629224224416083e-61 1.000000000000000000e+00
4.601910135637313989e-51 1.000000000000000000e+00
7.525674316914063144e-79 1.000000000000000000e+00
6.539051632626340404e-71 1.000000000000000000e+00
1.032438971159958548e-96 1.000000000000000000e+00
6.425189410812923782e-70 1.000000000000000000e+00
7.139354133523175134e-76 1.000000000000000000e+00
4.550506437668072191e-07 9.999995449493580546e-01
1.000000000000000000e+00 1.272984846271801397e-93
2.814043766003071279e-23 1.000000000000000000e+00
1.000000000000000000e+00 5.289098457162562599e-44
1.000000000000000000e+00 8.113798903459286052e-25
2.532549004956620610e-17 1.000000000000000000e+00
1.000000000000000000e+00 6.304780452300924489e-54
1.000000000000000000e+00 1.648648737085146696e-21
1.000000000000000000e+00 3.611394477407898935e-109
1.000000000000000000e+00 1.852590049443908437e-71
1.000000000000000000e+00 1.491017423903102528e-102
1.000000000000000000e+00 2.603021510688084082e-47
1.538862947719406872e-32 1.000000000000000000e+00
9.999987332377665572e-01 1.266762240260531792e-06
1.000000000000000000e+00 8.403919873655132806e-27
4.223829056835166039e-03 9.957761709431700581e-01
9.999999868794092750e-01 1.312058856621113613e-08
1.000000000000000000e+00 9.338022002402986887e-33
9.999999998641015964e-01 1.358973493789355278e-10
4.713218698612633635e-09 9.999999952867781872e-01
1.000000000000000000e+00 1.768656362830180969e-25
1.121710985966152797e-14 9.999999999999857891e-01
1.000000000000000000e+00 9.671916893721068733e-35
1.493034536786965708e-117 1.000000000000000000e+00
3.530877126776116391e-166 1.000000000000000000e+00
2.108122570933662062e-180 1.000000000000000000e+00
5.709678933053637766e-150 1.000000000000000000e+00
3.349624385600531156e-163 1.000000000000000000e+00
1.483608200603895014e-160 1.000000000000000000e+00
2.012611694545457218e-134 1.000000000000000000e+00
4.515296227039779428e-180 1.000000000000000000e+00
2.426199513368248452e-188 1.000000000000000000e+00
2.743647624653868487e-195 1.000000000000000000e+00
9.072185864238306026e-133 1.000000000000000000e+00
4.063621577256413159e-174 1.000000000000000000e+00
7.794766016151297185e-81 1.000000000000000000e+00
5.745956269007172035e-107 1.000000000000000000e+00
7.882814122547619024e-125 1.000000000000000000e+00
3.469395196795736726e-165 1.000000000000000000e+00
4.387116961883124510e-135 1.000000000000000000e+00
1.000000000000000000e+00 0.000000000000000000e+00
9.001984399846272223e-306 1.000000000000000000e+00
9.001984399846272223e-306 1.000000000000000000e+00
9.001984399846272223e-306 1.000000000000000000e+00
9.001984399846272223e-306 1.000000000000000000e+00
9.001984399846272223e-306 1.000000000000000000e+00
9.001984399846272223e-306 1.000000000000000000e+00
9.001984399846272223e-306 1.000000000000000000e+00
9.001984399846272223e-306 1.000000000000000000e+00
9.001984399846272223e-306 1.000000000000000000e+00
9.001984399846272223e-306 1.000000000000000000e+00
9.001984399846272223e-306 1.000000000000000000e+00
9.001984399846272223e-306 1.000000000000000000e+00
9.001984399846272223e-306 1.000000000000000000e+00
9.001984399846272223e-306 1.000000000000000000e+00
9.001984399846272223e-306 1.000000000000000000e+00
9.001984399846272223e-306 1.000000000000000000e+00
9.001984399846272223e-306 1.000000000000000000e+00
9.001984399846272223e-306 1.000000000000000000e+00
9.001984399846272223e-306 1.000000000000000000e+00
9.001984399846272223e-306 1.000000000000000000e+00
9.001984399846272223e-306 1.000000000000000000e+00
9.001984399846272223e-306 1.000000000000000000e+00
9.001984399846272223e-306 1.000000000000000000e+00
9.001984399846272223e-306 1.000000000000000000e+00
9.001984399846272223e-306 1.000000000000000000e+00
9.001984399846272223e-306 1.000000000000000000e+00
9.001984399846272223e-306 1.000000000000000000e+00
9.001984399846272223e-306 1.000000000000000000e+00
9.001984399846272223e-306 1.000000000000000000e+00
1.974731735960769959e-263 1.000000000000000000e+00
3.973350269222521605e-86 1.000000000000000000e+00
1.000000000000000000e+00 0.000000000000000000e+00
9.999999999999360512e-01 6.688166737513198438e-14
9.027850630856734497e-46 1.000000000000000000e+00
3.197865865934229865e-117 1.000000000000000000e+00
6.313309832092827086e-69 1.000000000000000000e+00
6.466012854221081081e-27 1.000000000000000000e+00
4.464862044978687653e-136 1.000000000000000000e+00
1.000000000000000000e+00 5.774651899731633146e-49
1.000000000000000000e+00 2.841985875939595524e-52
1.000000000000000000e+00 1.423465193862401777e-56
1.000000000000000000e+00 4.135975985767398869e-30
1.000000000000000000e+00 3.788208291176828024e-25
1.000000000000000000e+00 3.830999128768164846e-69
9.003412589912055536e-03 9.909965874100929994e-01
1.000000000000000000e+00 1.448690739645453167e-57
7.184715133930755081e-33 1.000000000000000000e+00
2.015094989079466376e-04 9.997984905010969259e-01
1.000000000000000000e+00 2.426400185129364917e-43
1.000000000000000000e+00 1.667271541044890194e-65
9.999999999993463007e-01 6.571708026470380127e-13
1.650879100430533129e-36 1.000000000000000000e+00
9.999999999996944666e-01 3.068229707103110660e-13
2.162212449270825894e-08 9.999999783778721341e-01
9.999999999998578915e-01 1.432509402066828980e-13
1.000000000000000000e+00 1.106095385846507782e-85
1.000000000000000000e+00 7.833693518675120320e-23
1.593887285480655466e-34 1.000000000000000000e+00
9.623854818227113312e-93 1.000000000000000000e+00
7.219998839348464039e-120 1.000000000000000000e+00
3.312210325124325386e-119 1.000000000000000000e+00
1.209271657573847857e-105 1.000000000000000000e+00
6.730104399257909409e-116 1.000000000000000000e+00
9.905036890483502760e-138 1.000000000000000000e+00
2.778622769334979647e-109 1.000000000000000000e+00
1.358861102125162599e-155 1.000000000000000000e+00
2.012611694545457218e-134 1.000000000000000000e+00
3.680365038885699974e-125 1.000000000000000000e+00
1.000000000000000000e+00 0.000000000000000000e+00
1.748756487839731550e-126 1.000000000000000000e+00
7.219998839348464039e-120 1.000000000000000000e+00
1.244603187092362119e-150 1.000000000000000000e+00
6.612915442352961012e-115 1.000000000000000000e+00
1.367494838153091503e-112 1.000000000000000000e+00
3.107085532562097808e-72 1.000000000000000000e+00
1.680134699028765385e-37 1.000000000000000000e+00
1.000000000000000000e+00 2.369097694470952661e-85
1.000000000000000000e+00 3.387741245783461394e-62
1.000000000000000000e+00 1.987442870609292328e-75
1.000000000000000000e+00 8.205450741066883377e-69
6.936683672829951137e-31 1.000000000000000000e+00
5.922327303037188925e-22 1.000000000000000000e+00
6.242792505768432949e-25 1.000000000000000000e+00
3.973350269222521605e-86 1.000000000000000000e+00
2.360709409908074594e-13 9.999999999997655209e-01
1.216954953726760257e-62 1.000000000000000000e+00
9.291619130730767894e-91 1.000000000000000000e+00
3.836181870146222821e-84 1.000000000000000000e+00
1.400571085017739163e-70 1.000000000000000000e+00
2.928977834755196150e-112 1.000000000000000000e+00
4.820299242337334415e-97 1.000000000000000000e+00
2.211336217070562510e-96 1.000000000000000000e+00
1.000000000000000000e+00 5.674099903436694540e-48
1.000000000000000000e+00 1.491017423903102528e-102
2.279212761310540046e-11 9.999999999772057890e-01
9.237670194726853258e-04 9.990762329805280562e-01
3.769383775322224265e-83 1.000000000000000000e+00
4.214965026645739521e-46 1.000000000000000000e+00
1.566133482964585527e-33 1.000000000000000000e+00
2.225386286749251186e-53 1.000000000000000000e+00
4.820299242337334415e-97 1.000000000000000000e+00
1.955478103508978852e-89 1.000000000000000000e+00
2.457127930794302365e-102 1.000000000000000000e+00
4.992656224495642402e-99 1.000000000000000000e+00
7.659038478425190181e-80 1.000000000000000000e+00
1.038998733249419425e-53 1.000000000000000000e+00
1.000000000000000000e+00 6.645940716243484609e-57
1.000000000000000000e+00 4.560130960985589080e-209
1.000000000000000000e+00 1.055982483908701804e-39
1.000000000000000000e+00 2.603021510688084082e-47
1.000000000000000000e+00 2.342635753010030164e-41
1.000000000000000000e+00 6.155885136027261185e-96
1.000000000000000000e+00 1.491017423903102528e-102
1.000000000000000000e+00 1.037595029799304619e-38
1.000000000000000000e+00 5.470364440362833593e-176
1.000000000000000000e+00 4.256817615281685008e-75
1.000000000000000000e+00 8.391871952685933380e-157
1.000000000000000000e+00 1.156925497004250499e-261
1.000000000000000000e+00 0.000000000000000000e+00
1.000000000000000000e+00 0.000000000000000000e+00
1.000000000000000000e+00 9.149133239967227502e-292
1.000000000000000000e+00 1.882717260783953269e-202
1.000000000000000000e+00 3.764291279209312642e-68
1.000000000000000000e+00 7.648690998305129807e-65
1.000000000000000000e+00 5.470364440362833593e-176
1.000000000000000000e+00 4.589104464546552529e-166
1.000000000000000000e+00 1.808838806490412844e-113
1.000000000000000000e+00 2.258520565033323225e-169
1.000000000000000000e+00 2.541547885391646266e-89
1.000000000000000000e+00 8.403919873655132806e-27
1.000000000000000000e+00 2.743874552651612132e-50
1.000000000000000000e+00 5.131585419432197021e-129
1.000000000000000000e+00 0.000000000000000000e+00
1.000000000000000000e+00 0.000000000000000000e+00
1.000000000000000000e+00 0.000000000000000000e+00
1.000000000000000000e+00 6.636413047052542281e-187
1.000000000000000000e+00 4.611641281537202340e-253
1.000000000000000000e+00 9.015653864227364657e-31
1.000000000000000000e+00 2.118650654332648338e-122
1.000000000000000000e+00 5.255705512177114614e-87
1.000000000000000000e+00 1.258766078271340161e-49
1.000000000000000000e+00 6.520855504940666356e-186
1.000000000000000000e+00 9.705481273396576403e-252
1.000000000000000000e+00 2.377319156185034835e-302
1.000000000000000000e+00 0.000000000000000000e+00
1.000000000000000000e+00 0.000000000000000000e+00
1.000000000000000000e+00 1.078425294828775981e-257
1.000000000000000000e+00 0.000000000000000000e+00
1.000000000000000000e+00 0.000000000000000000e+00
1.000000000000000000e+00 1.561775425185129598e-148
1.000000000000000000e+00 0.000000000000000000e+00
1.000000000000000000e+00 2.953820486936849826e-271
1.000000000000000000e+00 1.763588880446807110e-285
1.000000000000000000e+00 0.000000000000000000e+00
1.000000000000000000e+00 0.000000000000000000e+00
1.000000000000000000e+00 0.000000000000000000e+00
1.000000000000000000e+00 0.000000000000000000e+00
1.000000000000000000e+00 0.000000000000000000e+00
1.000000000000000000e+00 4.078060802177882740e-246
1.000000000000000000e+00 2.055555761477751857e-207
1.000000000000000000e+00 1.479479784774919188e-275
1.000000000000000000e+00 5.766373316551697262e-179
1.000000000000000000e+00 3.204608592055493335e-319
1.000000000000000000e+00 1.777342128227119123e-112
1.000000000000000000e+00 8.691935839114587837e-159
1.000000000000000000e+00 1.129603246994391737e-303
1.000000000000000000e+00 4.223877942893691370e-248
1.000000000000000000e+00 9.989048241960290697e-297
1.000000000000000000e+00 9.644205310208538402e-295
1.000000000000000000e+00 3.447776167792873805e-63
4.315051615947485919e-04 9.995684948384042645e-01
9.999999993765626982e-01 6.234358392100599348e-10
1.000000000000000000e+00 7.972516157512914495e-24
1.000000000000000000e+00 3.209228809955727963e-189
1.000000000000000000e+00 8.090551576345533763e-285
1.000000000000000000e+00 0.000000000000000000e+00
1.000000000000000000e+00 0.000000000000000000e+00
1.000000000000000000e+00 0.000000000000000000e+00
1.000000000000000000e+00 0.000000000000000000e+00
1.000000000000000000e+00 1.861688008143753676e-158
1.000000000000000000e+00 2.068616055721526051e-164
1.000000000000000000e+00 2.906553498986017758e-140
1.000000000000000000e+00 2.525501716195504372e-132
1.000000000000000000e+00 0.000000000000000000e+00
1.000000000000000000e+00 0.000000000000000000e+00
1.000000000000000000e+00 0.000000000000000000e+00
1.000000000000000000e+00 4.916094426237139619e-300
1.000000000000000000e+00 0.000000000000000000e+00
1.000000000000000000e+00 0.000000000000000000e+00
1.000000000000000000e+00 0.000000000000000000e+00
1.000000000000000000e+00 4.250715010432163117e-205
1.000000000000000000e+00 5.307453175338515877e-261
1.000000000000000000e+00 9.989048241960290697e-297
1.000000000000000000e+00 1.277402475903816423e-310
1.000000000000000000e+00 0.000000000000000000e+00
1.000000000000000000e+00 1.849934162805381375e-201
1.000000000000000000e+00 1.277402475903816423e-310
1.000000000000000000e+00 0.000000000000000000e+00
1.000000000000000000e+00 0.000000000000000000e+00
1.000000000000000000e+00 8.233926054400366243e-286
1.000000000000000000e+00 8.391871952685933380e-157
1.000000000000000000e+00 2.342635753010030164e-41
1.154484238000226224e-59 1.000000000000000000e+00
5.951411497476851729e-109 1.000000000000000000e+00
1.161819433735202909e-16 1.000000000000000000e+00
3.904163708985545985e-85 1.000000000000000000e+00
2.500671245644525479e-103 1.000000000000000000e+00
7.219998839348464039e-120 1.000000000000000000e+00
1.230701431686349072e-106 1.000000000000000000e+00
1.032438971159958548e-96 1.000000000000000000e+00
2.544986201335543887e-104 1.000000000000000000e+00
1.000000000000000000e+00 3.849812935886271275e-156
1.000000000000000000e+00 0.000000000000000000e+00
1.000000000000000000e+00 1.732880123337166495e-284
1.000000000000000000e+00 0.000000000000000000e+00
1.000000000000000000e+00 8.945889850005527587e-204
1.000000000000000000e+00 1.394671454429920071e-315
1.000000000000000000e+00 3.937277575513095920e-244
1.000000000000000000e+00 3.209228809955727963e-189
1.000000000000000000e+00 4.130046620364909288e-160
1.000000000000000000e+00 2.509556855163954061e-175
1.000000000000000000e+00 2.350765384052019842e-258
1.000000000000000000e+00 2.925020740140518178e-97
3.182238085417911175e-30 1.000000000000000000e+00
1.000000000000000000e+00 1.326879626515239246e-52
1.000000000000000000e+00 1.786070548898968885e-199
1.000000000000000000e+00 1.482196937523739633e-323
1.000000000000000000e+00 5.307453175338515877e-261
1.000000000000000000e+00 2.342635753010030164e-41
1.000000000000000000e+00 1.387855777193138845e-228
1.000000000000000000e+00 1.754970326353170713e-198
1.000000000000000000e+00 2.145658537013353831e-36
1.000000000000000000e+00 4.150329031787541494e-247
1.000000000000000000e+00 1.838254525862633945e-244
9.945172020340280472e-01 5.482797965971642276e-03
5.582841289355293914e-62 1.000000000000000000e+00
6.654931632395760235e-72 1.000000000000000000e+00
2.061291689083037967e-92 1.000000000000000000e+00
2.225386286749251186e-53 1.000000000000000000e+00
9.237670194726853258e-04 9.990762329805280562e-01
1.459867526028054908e-29 1.000000000000000000e+00
1.699113162069283374e-81 1.000000000000000000e+00
2.290405838632442514e-98 1.000000000000000000e+00
2.429682724283315809e-58 1.000000000000000000e+00
3.072380541008212805e-28 1.000000000000000000e+00
3.598607581952298503e-37 1.000000000000000000e+00
1.583824211239266690e-77 1.000000000000000000e+00
1.274706995249766368e-108 1.000000000000000000e+00
3.275214165811197451e-75 1.000000000000000000e+00
1.014461472014138384e-95 1.000000000000000000e+00
2.532549004956620610e-17 1.000000000000000000e+00
1.337116628613158848e-24 1.000000000000000000e+00
7.932898811990915713e-82 1.000000000000000000e+00
6.313309832092827086e-69 1.000000000000000000e+00
8.415289060073997606e-42 1.000000000000000000e+00
1.855096313419206975e-86 1.000000000000000000e+00
1.154484238000226224e-59 1.000000000000000000e+00
7.015039053963350838e-75 1.000000000000000000e+00
4.905720845724528009e-98 1.000000000000000000e+00
6.384623707924024571e-113 1.000000000000000000e+00
1.573824670637731917e-120 1.000000000000000000e+00
1.230701431686349072e-106 1.000000000000000000e+00
2.761079817913260165e-152 1.000000000000000000e+00
5.049052263266246397e-143 1.000000000000000000e+00
5.810861433302528187e-151 1.000000000000000000e+00
1.707457404975157980e-168 1.000000000000000000e+00
2.528918324189603979e-147 1.000000000000000000e+00
5.610258288335830064e-149 1.000000000000000000e+00
1.008056626952349203e-138 1.000000000000000000e+00
1.180713187175447769e-147 1.000000000000000000e+00
5.416580385386707218e-147 1.000000000000000000e+00
2.159112732380914956e-138 1.000000000000000000e+00
2.859806341099605257e-154 1.000000000000000000e+00
2.665761541727368135e-150 1.000000000000000000e+00
4.789866080854006141e-140 1.000000000000000000e+00
1.297296363650295847e-109 1.000000000000000000e+00
3.107085532562097808e-72 1.000000000000000000e+00
1.000000000000000000e+00 1.374324184749678580e-54
8.564418283878619373e-43 1.000000000000000000e+00
3.238631239857090815e-31 1.000000000000000000e+00
1.064129488860809707e-11 9.999999999893560698e-01
1.000000000000000000e+00 2.557696006425131492e-46
1.000000000000000000e+00 6.721011923519319384e-101
1.000000000000000000e+00 1.677864810916105124e-22
9.746527149891904411e-07 9.999990253472847979e-01
6.539051632626340404e-71 1.000000000000000000e+00
1.843384085021113231e-129 1.000000000000000000e+00
1.044101193758525760e-140 1.000000000000000000e+00
8.914215060941321485e-132 1.000000000000000000e+00
1.718306002003577396e-125 1.000000000000000000e+00
4.706461816016337024e-139 1.000000000000000000e+00
2.441614750524025111e-145 1.000000000000000000e+00
6.466012854221081081e-27 1.000000000000000000e+00
1.000000000000000000e+00 1.186609735639214025e-89
1.000000000000000000e+00 8.498848859287141902e-71
1.000000000000000000e+00 1.374324184749678580e-54
1.000000000000000000e+00 3.102887811677149070e-57
1.000000000000000000e+00 6.927312105282463050e-16
9.999972867808681887e-01 2.713219131281240948e-06
1.000000000000000000e+00 7.431561591445570289e-20
1.000000000000000000e+00 1.001775069442538891e-36
1.000000000000000000e+00 1.997203083437072426e-162
1.000000000000000000e+00 8.649458865024383850e-72
4.001123201506101568e-02 9.599887679849408162e-01
6.772865167622806539e-73 1.000000000000000000e+00
2.134996244964801309e-94 1.000000000000000000e+00
2.488450613820366220e-16 1.000000000000000000e+00
1.866882957286873139e-43 1.000000000000000000e+00
2.372302712336290804e-100 1.000000000000000000e+00
3.860555650196311338e-41 1.000000000000000000e+00
1.141589077789114018e-15 1.000000000000000000e+00
4.001123201506101568e-02 9.599887679849408162e-01
1.195764542231285837e-61 1.000000000000000000e+00
7.707701374409048118e-37 1.000000000000000000e+00
1.729223527285917606e-82 1.000000000000000000e+00
2.730239581697264846e-108 1.000000000000000000e+00
5.296253778404635516e-59 1.000000000000000000e+00
4.188353668125886857e-89 1.000000000000000000e+00
4.188353668125886857e-89 1.000000000000000000e+00
5.049052263266246397e-143 1.000000000000000000e+00
6.806126302539387028e-160 1.000000000000000000e+00
5.138527650214382456e-144 1.000000000000000000e+00
1.358861102125162599e-155 1.000000000000000000e+00
1.382941784316946252e-156 1.000000000000000000e+00
2.316277801506121029e-142 1.000000000000000000e+00
1.457774649270776528e-159 1.000000000000000000e+00
2.399099765794440134e-144 1.000000000000000000e+00
6.892888629451051708e-74 1.000000000000000000e+00
5.547593786671482011e-105 1.000000000000000000e+00
1.688385739840901189e-124 1.000000000000000000e+00
7.478160656400547058e-122 1.000000000000000000e+00
8.564418283878619373e-43 1.000000000000000000e+00
8.970852917166904194e-89 1.000000000000000000e+00
4.874748371364685278e-141 1.000000000000000000e+00
8.164675887710666590e-127 1.000000000000000000e+00
1.573824670637731917e-120 1.000000000000000000e+00
1.230701431686349072e-106 1.000000000000000000e+00
2.225386286749251186e-53 1.000000000000000000e+00
9.999733408904527554e-01 2.665910955034713991e-05
4.315051615947485919e-04 9.995684948384042645e-01
2.200529543499658140e-09 9.999999977994704636e-01
1.000000000000000000e+00 9.443502417474030150e-77
1.000000000000000000e+00 3.447776167792873805e-63
1.000000000000000000e+00 2.709336791523570719e-136
1.000000000000000000e+00 1.221279147295829648e-134
1.000000000000000000e+00 5.868560510689790665e-180
1.000000000000000000e+00 2.222379755260248608e-38
9.999429017485655935e-01 5.709825142828992554e-05
1.000000000000000000e+00 2.342635753010030164e-41
1.000000000000000000e+00 4.487159818661752026e-78
1.000000000000000000e+00 8.649458865024383850e-72
1.000000000000000000e+00 2.208348667443144591e-81
9.746527149891904411e-07 9.999990253472847979e-01
9.999987332377665572e-01 1.266762240260531792e-06
9.999941886917188549e-01 5.811308280063528447e-06
4.214965026645739521e-46 1.000000000000000000e+00
1.134381607256128654e-58 1.000000000000000000e+00
9.746527149891904411e-07 9.999990253472847979e-01
5.618312742552148993e-19 1.000000000000000000e+00
9.753325951978086827e-01 2.466740480219479018e-02
1.000000000000000000e+00 2.071585896409205874e-34
1.000000000000000000e+00 6.375997981979609223e-98
1.000000000000000000e+00 2.943605315787797605e-54
2.200529543499658140e-09 9.999999977994704636e-01
2.225386286749251186e-53 1.000000000000000000e+00
9.987997061785959252e-01 1.200293821407872556e-03
1.000000000000000000e+00 1.931023766772473570e-30
1.802434235386507234e-41 1.000000000000000000e+00
1.709908742649219502e-38 1.000000000000000000e+00
8.960372914004128830e-01 1.039627085995862010e-01
4.001123201506101568e-02 9.599887679849408162e-01
1.000000000000000000e+00 8.858667432890374709e-30
9.999999999999928946e-01 6.806689239488397977e-15
9.987997061785959252e-01 1.200293821407872556e-03
7.932898811990915713e-82 1.000000000000000000e+00
3.370906746757796903e-120 1.000000000000000000e+00
6.926739192404692343e-161 1.000000000000000000e+00
2.528918324189603979e-147 1.000000000000000000e+00
3.657128899817455421e-168 1.000000000000000000e+00
1.965081339276635277e-176 1.000000000000000000e+00
6.086622758531694413e-197 1.000000000000000000e+00
1.093650254971929772e-186 1.000000000000000000e+00
2.261575989375522212e-184 1.000000000000000000e+00
9.502717210638132682e-179 1.000000000000000000e+00
2.183501634778870091e-182 1.000000000000000000e+00
4.515296227039779428e-180 1.000000000000000000e+00
1.474241377990770845e-203 1.000000000000000000e+00
2.426199513368248452e-188 1.000000000000000000e+00
4.063621577256413159e-174 1.000000000000000000e+00
4.283509679678956961e-177 1.000000000000000000e+00
1.999904986181646269e-177 1.000000000000000000e+00
1.037509217070100514e-183 1.000000000000000000e+00
1.173258704936037869e-190 1.000000000000000000e+00
1.677726045642069915e-167 1.000000000000000000e+00
2.183501634778870091e-182 1.000000000000000000e+00
2.810009532288827306e-153 1.000000000000000000e+00
1.382941784316946252e-156 1.000000000000000000e+00
7.478160656400547058e-122 1.000000000000000000e+00
4.961134879974893912e-142 1.000000000000000000e+00
1.601714770413157554e-121 1.000000000000000000e+00
7.265872228474231527e-77 1.000000000000000000e+00
2.877976566888845342e-111 1.000000000000000000e+00
4.235664467275913499e-133 1.000000000000000000e+00
3.616280128113457256e-124 1.000000000000000000e+00
5.416580385386707218e-147 1.000000000000000000e+00
5.512568820571698157e-148 1.000000000000000000e+00
2.012611694545457218e-134 1.000000000000000000e+00
7.610682817690063714e-123 1.000000000000000000e+00
1.038998733249419425e-53 1.000000000000000000e+00
5.989224718994590358e-66 1.000000000000000000e+00
1.337116628613158848e-24 1.000000000000000000e+00
1.000000000000000000e+00 2.792499368663483954e-51
1.000000000000000000e+00 5.738193392702042004e-92
1.000000000000000000e+00 7.648690998305129807e-65
1.000000000000000000e+00 4.618262055783019388e-123
1.000000000000000000e+00 5.505121254345364676e-133
1.000000000000000000e+00 1.093740711144348835e-41
1.000000000000000000e+00 9.338022002402986887e-33
9.999999999993463007e-01 6.571708026470380127e-13
3.296023750027123728e-32 1.000000000000000000e+00
9.999999993765626982e-01 6.234358392100599348e-10
1.000000000000000000e+00 1.768656362830180969e-25
9.999999997089261683e-01 2.910726336698305141e-10
7.844291278208889783e-38 1.000000000000000000e+00
1.990131569317579217e-90 1.000000000000000000e+00
7.059610199110222128e-32 1.000000000000000000e+00
1.943132110467143523e-132 1.000000000000000000e+00
7.347946057208690031e-121 1.000000000000000000e+00
1.573824670637731917e-120 1.000000000000000000e+00
3.233988314437969344e-161 1.000000000000000000e+00
8.113127863980431766e-170 1.000000000000000000e+00
1.563888262555325681e-163 1.000000000000000000e+00
1.081434587760528638e-142 1.000000000000000000e+00
8.309363939306615566e-128 1.000000000000000000e+00
6.849370087927901164e-117 1.000000000000000000e+00
3.033707801717899117e-114 1.000000000000000000e+00
1.519492936490581668e-118 1.000000000000000000e+00
1.107591759542147123e-100 1.000000000000000000e+00
8.022507238617467792e-126 1.000000000000000000e+00
6.164213083792711400e-111 1.000000000000000000e+00
6.056877794691765318e-110 1.000000000000000000e+00
4.493230242611343522e-93 1.000000000000000000e+00
4.820299242337334415e-97 1.000000000000000000e+00
3.197865865934229865e-117 1.000000000000000000e+00
1.230701431686349072e-106 1.000000000000000000e+00
4.414991193998151622e-92 1.000000000000000000e+00
5.782464098674692097e-64 1.000000000000000000e+00
1.195764542231285837e-61 1.000000000000000000e+00
8.268756571356315048e-41 1.000000000000000000e+00
2.200529543499658140e-09 9.999999977994704636e-01
1.000000000000000000e+00 3.571056542219959425e-65
1.000000000000000000e+00 1.852590049443908437e-71
2.360709409908074594e-13 9.999999999997655209e-01
1.485738165699326429e-30 1.000000000000000000e+00
9.999999999999928946e-01 6.806689239488397977e-15
1.450650591158858281e-72 1.000000000000000000e+00
8.073479490069324713e-83 1.000000000000000000e+00
8.970852917166904194e-89 1.000000000000000000e+00
9.456277996147031868e-92 1.000000000000000000e+00
1.811285881891146336e-128 1.000000000000000000e+00
4.043762900009542217e-87 1.000000000000000000e+00
5.262815657988938200e-102 1.000000000000000000e+00
7.394632378946092308e-78 1.000000000000000000e+00
1.188215032630884650e-104 1.000000000000000000e+00
2.730239581697264846e-108 1.000000000000000000e+00
3.491438540490696457e-122 1.000000000000000000e+00
1.441491847795851531e-115 1.000000000000000000e+00
3.836181870146222821e-84 1.000000000000000000e+00
7.478160656400547058e-122 1.000000000000000000e+00
2.827863366282458604e-110 1.000000000000000000e+00
9.232956103551104206e-134 1.000000000000000000e+00
3.087468817708030926e-115 1.000000000000000000e+00
4.961134879974893912e-142 1.000000000000000000e+00
1.432390928542671781e-158 1.000000000000000000e+00
1.407449205675753380e-157 1.000000000000000000e+00
2.121516856606785746e-137 1.000000000000000000e+00
1.718306002003577396e-125 1.000000000000000000e+00
4.089440430973754126e-131 1.000000000000000000e+00
9.129827412609951793e-90 1.000000000000000000e+00
2.211336217070562510e-96 1.000000000000000000e+00
1.400571085017739163e-70 1.000000000000000000e+00
2.669588683580663728e-20 1.000000000000000000e+00
4.141571313036694963e-45 1.000000000000000000e+00
2.796277182633080943e-66 1.000000000000000000e+00
1.400571085017739163e-70 1.000000000000000000e+00
2.472739676475729161e-59 1.000000000000000000e+00
1.352220428642803088e-68 1.000000000000000000e+00
2.134996244964801309e-94 1.000000000000000000e+00
1.032438971159958548e-96 1.000000000000000000e+00
3.703748812389036400e-82 1.000000000000000000e+00
7.094279521697453877e-119 1.000000000000000000e+00
1.493034536786965708e-117 1.000000000000000000e+00
3.553311105504303589e-123 1.000000000000000000e+00
1.855096313419206975e-86 1.000000000000000000e+00
1.230701431686349072e-106 1.000000000000000000e+00
6.164213083792711400e-111 1.000000000000000000e+00
1.400571085017739163e-70 1.000000000000000000e+00
6.497767055826332116e-114 1.000000000000000000e+00
3.769383775322224265e-83 1.000000000000000000e+00
4.820299242337334415e-97 1.000000000000000000e+00
8.510346469745500920e-86 1.000000000000000000e+00
1.476357895461253467e-73 1.000000000000000000e+00
8.564418283878619373e-43 1.000000000000000000e+00
4.796742723993014271e-10 9.999999995203268099e-01
1.000000000000000000e+00 1.106095385846507782e-85
4.223829056835166039e-03 9.957761709431700581e-01
3.998595570101400469e-43 1.000000000000000000e+00
3.182238085417911175e-30 1.000000000000000000e+00
1.174943111969926536e-60 1.000000000000000000e+00
1.680134699028765385e-37 1.000000000000000000e+00
4.968257410092457099e-12 9.999999999950333063e-01
1.459867526028054908e-29 1.000000000000000000e+00
9.999999971399589072e-01 2.860042868441924816e-09
1.000000000000000000e+00 2.261763045069766127e-39
1.020907011257374339e-52 1.000000000000000000e+00
1.502520764667082595e-74 1.000000000000000000e+00
9.456277996147031868e-92 1.000000000000000000e+00
3.575887622016691237e-80 1.000000000000000000e+00
8.661160227214978430e-87 1.000000000000000000e+00
1.252510967631274698e-107 1.000000000000000000e+00
6.056877794691765318e-110 1.000000000000000000e+00
1.174943111969926536e-60 1.000000000000000000e+00
2.999822412168217868e-70 1.000000000000000000e+00
6.849370087927901164e-117 1.000000000000000000e+00
2.500671245644525479e-103 1.000000000000000000e+00
5.171176087380897952e-101 1.000000000000000000e+00
8.564418283878619373e-43 1.000000000000000000e+00
1.699113162069283374e-81 1.000000000000000000e+00
7.265872228474231527e-77 1.000000000000000000e+00
2.304958289488554821e-55 1.000000000000000000e+00
6.539051632626340404e-71 1.000000000000000000e+00
8.510346469745500920e-86 1.000000000000000000e+00
4.214965026645739521e-46 1.000000000000000000e+00
2.200529543499658140e-09 9.999999977994704636e-01
8.073479490069324713e-83 1.000000000000000000e+00
1.933636139274100130e-45 1.000000000000000000e+00
9.994392423940560155e-01 5.607576059432115663e-04
1.224687066899974283e-19 1.000000000000000000e+00
9.999999868794092750e-01 1.312058856621113613e-08
3.474376087750462310e-35 1.000000000000000000e+00
9.999972867808681887e-01 2.713219131281240948e-06
2.652734123433653078e-63 1.000000000000000000e+00
9.187835195560633516e-47 1.000000000000000000e+00
1.771049077684174426e-40 1.000000000000000000e+00
1.000000000000000000e+00 1.510024438380633454e-16
1.000000000000000000e+00 2.071585896409205874e-34
1.000000000000000000e+00 4.760018730565260905e-38
2.319603201607408386e-12 9.999999999976836307e-01
1.000000000000000000e+00 9.550174318070259649e-121
2.765043804926358855e-22 1.000000000000000000e+00
1.000000000000000000e+00 6.304780452300924489e-54
1.000000000000000000e+00 3.788208291176828024e-25
1.000000000000000000e+00 3.806811955052563628e-112
9.999999999985931254e-01 1.407565616260680246e-12
1.000000000000000000e+00 5.774651899731633146e-49
1.000000000000000000e+00 3.722245543521584978e-24
6.654931632395760235e-72 1.000000000000000000e+00
3.973350269222521605e-86 1.000000000000000000e+00
5.262815657988938200e-102 1.000000000000000000e+00
3.616280128113457256e-124 1.000000000000000000e+00
1.748756487839731550e-126 1.000000000000000000e+00
3.087468817708030926e-115 1.000000000000000000e+00
5.745956269007172035e-107 1.000000000000000000e+00
5.782464098674692097e-64 1.000000000000000000e+00
1.933636139274100130e-45 1.000000000000000000e+00
1.771049077684174426e-40 1.000000000000000000e+00
2.319603201607408386e-12 9.999999999976836307e-01
1.282806045030146361e-65 1.000000000000000000e+00
2.162212449270825894e-08 9.999999783778721341e-01
1.174943111969926536e-60 1.000000000000000000e+00
7.844291278208889783e-38 1.000000000000000000e+00
7.184715133930755081e-33 1.000000000000000000e+00
6.815897623197769182e-30 1.000000000000000000e+00
8.195407782584342160e-02 9.180459221741588127e-01
9.945172020340280472e-01 5.482797965971642276e-03
1.000000000000000000e+00 3.387741245783461394e-62
1.000000000000000000e+00 1.341867791430515482e-96
9.999999986646912475e-01 1.335310161464965095e-09
4.796742723993014271e-10 9.999999995203268099e-01
9.999999986646912475e-01 1.335310161464965095e-09
9.999972867808681887e-01 2.713219131281240948e-06
7.059610199110222128e-32 1.000000000000000000e+00
2.087564020039853388e-06 9.999979124359772431e-01
2.716897063052408003e-21 1.000000000000000000e+00
1.000000000000000000e+00 3.157874782128286263e-58
1.000000000000000000e+00 1.398678891696113178e-55
1.000000000000000000e+00 2.247483309202303672e-82
1.000000000000000000e+00 2.145658537013353831e-36
1.000000000000000000e+00 8.205450741066883377e-69
1.000000000000000000e+00 2.649150238367425826e-48
1.000000000000000000e+00 9.671916893721068733e-35
1.000000000000000000e+00 2.384150126309974329e-42
1.000000000000000000e+00 1.414478086643138342e-99
1.000000000000000000e+00 3.571056542219959425e-65
1.000000000000000000e+00 1.931023766772473570e-30
1.000000000000000000e+00 1.931023766772473570e-30
9.746527149891904411e-07 9.999990253472847979e-01
1.268477577887847272e-21 1.000000000000000000e+00
2.561156168249261331e-61 1.000000000000000000e+00
8.870651821491141099e-45 1.000000000000000000e+00
1.000000000000000000e+00 4.515669688676458444e-35
9.999999999999928946e-01 6.806689239488397977e-15
1.384927226113064779e-26 1.000000000000000000e+00
1.967902538742020180e-46 1.000000000000000000e+00
1.000000000000000000e+00 1.737859367423157815e-24
1.000000000000000000e+00 1.831897306564759079e-27
1.000000000000000000e+00 3.102887811677149070e-57
1.000000000000000000e+00 2.261763045069766127e-39
1.000000000000000000e+00 4.209270543331489141e-31
1.000000000000000000e+00 2.058506851947865696e-77
9.999999999935411665e-01 6.457277170235349716e-12
1.000000000000000000e+00 3.611394477407898935e-109
1.000000000000000000e+00 1.609713824603956445e-63
9.999999997089261683e-01 2.910726336698305141e-10
4.001123201506101568e-02 9.599887679849408162e-01
1.000000000000000000e+00 1.987442870609292328e-75
1.000000000000000000e+00 1.258766078271340161e-49
1.000000000000000000e+00 4.899093140556101904e-83
1.000000000000000000e+00 1.852590049443908437e-71
1.000000000000000000e+00 1.694385063594703239e-196
1.740210418767655067e-39 1.000000000000000000e+00
2.635985975259129793e-106 1.000000000000000000e+00
3.811961974978758372e-127 1.000000000000000000e+00
1.493034536786965708e-117 1.000000000000000000e+00
4.414991193998151622e-92 1.000000000000000000e+00
2.316277801506121029e-142 1.000000000000000000e+00
5.913837011321991887e-152 1.000000000000000000e+00
3.593448591817803573e-167 1.000000000000000000e+00
5.810861433302528187e-151 1.000000000000000000e+00
3.657128899817455421e-168 1.000000000000000000e+00
2.648931144402131921e-193 1.000000000000000000e+00
8.113127863980431766e-170 1.000000000000000000e+00
7.430946975379545326e-165 1.000000000000000000e+00
2.602806231727104866e-192 1.000000000000000000e+00
5.229588650553723226e-145 1.000000000000000000e+00
3.349624385600531156e-163 1.000000000000000000e+00
2.012611694545457218e-134 1.000000000000000000e+00
1.779746593560345065e-127 1.000000000000000000e+00
3.107085532562097808e-72 1.000000000000000000e+00
1.000000000000000000e+00 4.038299713427559859e-72
1.000000000000000000e+00 3.137937407216530857e-101
1.000000000000000000e+00 1.303775135093246718e-51
3.860555650196311338e-41 1.000000000000000000e+00
1.367494838153091503e-112 1.000000000000000000e+00
2.197374853096111639e-139 1.000000000000000000e+00
1.688385739840901189e-124 1.000000000000000000e+00
1.619807417739586384e-165 1.000000000000000000e+00
2.183501634778870091e-182 1.000000000000000000e+00
4.515296227039779428e-180 1.000000000000000000e+00
5.288661030271091053e-189 1.000000000000000000e+00
9.014908238196562592e-176 1.000000000000000000e+00
1.897242602919909333e-174 1.000000000000000000e+00
1.536656822547418164e-162 1.000000000000000000e+00
1.483608200603895014e-160 1.000000000000000000e+00
1.230701431686349072e-106 1.000000000000000000e+00
7.932898811990915713e-82 1.000000000000000000e+00
1.000000000000000000e+00 9.117492873770100510e-75
1.976491658791674350e-03 9.980235083412078989e-01
2.845830637399966939e-67 1.000000000000000000e+00
1.188215032630884650e-104 1.000000000000000000e+00
1.791054491226591989e-84 1.000000000000000000e+00
2.457127930794302365e-102 1.000000000000000000e+00
7.478160656400547058e-122 1.000000000000000000e+00
7.562632452444313630e-166 1.000000000000000000e+00
7.174415073789583170e-163 1.000000000000000000e+00
2.859806341099605257e-154 1.000000000000000000e+00
3.530877126776116391e-166 1.000000000000000000e+00
1.791054491226591989e-84 1.000000000000000000e+00
2.699743819469401041e-64 1.000000000000000000e+00
2.747586584868746611e-65 1.000000000000000000e+00
3.392324328718884175e-77 1.000000000000000000e+00
3.535946285217572099e-36 1.000000000000000000e+00
9.998777117066881548e-01 1.222882933066201403e-04
1.000000000000000000e+00 3.782777488076236936e-155
1.000000000000000000e+00 1.365647331355516916e-97
9.999999999996944666e-01 3.068229707103110660e-13
2.402544070538148607e-14 9.999999999999786837e-01
2.025399136965314623e-91 1.000000000000000000e+00
1.955478103508978852e-89 1.000000000000000000e+00
1.003130314099542379e-51 1.000000000000000000e+00
6.203378373388814198e-68 1.000000000000000000e+00
1.519492936490581668e-118 1.000000000000000000e+00
5.547593786671482011e-105 1.000000000000000000e+00
6.612915442352961012e-115 1.000000000000000000e+00
5.049052263266246397e-143 1.000000000000000000e+00
1.457774649270776528e-159 1.000000000000000000e+00
3.469395196795736726e-165 1.000000000000000000e+00
3.593448591817803573e-167 1.000000000000000000e+00
1.222931346568680693e-149 1.000000000000000000e+00
1.619807417739586384e-165 1.000000000000000000e+00
1.147195353331799047e-102 1.000000000000000000e+00
1.990131569317579217e-90 1.000000000000000000e+00
1.000000000000000000e+00 7.833693518675120320e-23
1.000000000000000000e+00 4.332253634450255746e-76
1.000000000000000000e+00 4.783394897268724781e-125
1.000000000000000000e+00 2.108296934446132334e-35
1.000000000000000000e+00 1.287364226607282854e-137
1.000000000000000000e+00 2.244261300699659068e-212
1.000000000000000000e+00 1.042690596803487323e-125
1.000000000000000000e+00 1.571698409025603566e-105
1.000000000000000000e+00 8.445191020482336412e-114
1.000000000000000000e+00 7.210244508606947379e-105
1.000000000000000000e+00 9.954503205146942867e-80
5.618312742552148993e-19 1.000000000000000000e+00
1.000000000000000000e+00 2.169895463532169515e-80
1.000000000000000000e+00 1.768656362830180969e-25
1.000000000000000000e+00 2.469398966709620375e-44
1.000000000000000000e+00 5.575298783932900858e-47
1.000000000000000000e+00 1.726887319402625926e-67
1.000000000000000000e+00 1.186609735639214025e-89
1.000000000000000000e+00 1.788634748749240866e-69
3.126826885274500808e-29 1.000000000000000000e+00
1.802434235386507234e-41 1.000000000000000000e+00
1.409469831929713737e-27 1.000000000000000000e+00
9.997381125815857361e-01 2.618874184129530835e-04
1.000000000000000000e+00 4.729966152623990286e-81
1.000000000000000000e+00 6.917381060005002539e-146
1.000000000000000000e+00 1.746393890622947523e-111
1.000000000000000000e+00 9.503503183509777050e-34
4.069455578520580336e-44 1.000000000000000000e+00
1.352220428642803088e-68 1.000000000000000000e+00
3.860555650196311338e-41 1.000000000000000000e+00
1.000000000000000000e+00 7.256055922066923888e-62
1.866882957286873139e-43 1.000000000000000000e+00
1.000000000000000000e+00 6.927312105282463050e-16
1.121710985966152797e-14 9.999999999999857891e-01
4.736365055487718963e-96 1.000000000000000000e+00
3.197865865934229865e-117 1.000000000000000000e+00
8.814646589078967116e-88 1.000000000000000000e+00
3.452440468568334596e-78 1.000000000000000000e+00
9.794401306744048561e-94 1.000000000000000000e+00
2.577428873567254314e-18 1.000000000000000000e+00
2.148561276718801796e-51 1.000000000000000000e+00
7.745553433905834732e-124 1.000000000000000000e+00
1.573824670637731917e-120 1.000000000000000000e+00
6.970749310604412859e-118 1.000000000000000000e+00
2.845830637399966939e-67 1.000000000000000000e+00
9.350654882597637895e-48 1.000000000000000000e+00
8.716190260071233638e-44 1.000000000000000000e+00
1.328674686684374322e-67 1.000000000000000000e+00
1.000000000000000000e+00 2.465858818300267244e-174
1.000000000000000000e+00 1.419386717813894048e-316
1.000000000000000000e+00 1.149621199345178215e-304
1.000000000000000000e+00 5.215036347222108365e-260
1.020907011257374339e-52 1.000000000000000000e+00
1.669527098123811066e-80 1.000000000000000000e+00
1.000000000000000000e+00 3.118125907754917894e-144
1.000000000000000000e+00 7.256055922066923888e-62
1.000000000000000000e+00 2.411081005771570931e-86
1.000000000000000000e+00 1.350393557810030209e-53
1.000000000000000000e+00 3.526106856855541380e-151
1.000000000000000000e+00 8.594850143630178975e-115
1.000000000000000000e+00 3.083297599307269628e-100
1.000000000000000000e+00 2.991474848217294123e-185
1.000000000000000000e+00 6.754018410271452930e-188
1.000000000000000000e+00 7.039965520375773663e-147
1.000000000000000000e+00 7.600400666813128327e-108
1.000000000000000000e+00 4.844372089495324849e-39
1.000000000000000000e+00 5.729967076714741946e-222
1.000000000000000000e+00 2.541547885391646266e-89
1.000000000000000000e+00 1.264947803040102421e-136
1.000000000000000000e+00 1.928255436983327329e-160
1.000000000000000000e+00 1.940506908758989086e-117
1.000000000000000000e+00 1.152924511836814141e-44
1.000000000000000000e+00 8.858667432890374709e-30
5.618312742552148993e-19 1.000000000000000000e+00
9.998777117066881548e-01 1.222882933066201403e-04
1.000000000000000000e+00 5.197001233356171595e-43
1.000000000000000000e+00 6.048694858574327175e-95
1.000000000000000000e+00 2.309832327604700061e-257
1.000000000000000000e+00 3.213836189011538698e-59
1.000000000000000000e+00 1.894679398653744140e-159
1.000000000000000000e+00 2.874088375777759477e-96
1.000000000000000000e+00 1.229038734907564469e-91
1.000000000000000000e+00 2.145658537013353831e-36
1.000000000000000000e+00 4.813786943083771489e-82
1.000000000000000000e+00 1.036107525979056846e-168
1.000000000000000000e+00 7.084695039703247474e-104
1.000000000000000000e+00 2.426400185129364917e-43
1.000000000000000000e+00 3.250139035066999709e-103
1.000000000000000000e+00 1.667271541044890194e-65
3.474376087750462310e-35 1.000000000000000000e+00
2.186636412724994637e-52 1.000000000000000000e+00
9.998777117066881548e-01 1.222882933066201403e-04
1.000000000000000000e+00 3.382884555173056339e-192
1.000000000000000000e+00 3.606217155883432330e-239
1.000000000000000000e+00 8.245747217878977249e-156
1.000000000000000000e+00 4.746380518208887499e-298
1.000000000000000000e+00 1.029566017648440323e-211
1.000000000000000000e+00 2.339277333270443566e-171
1.000000000000000000e+00 9.503503183509777050e-34
3.793333143258163313e-40 1.000000000000000000e+00
1.102179024410047580e-13 9.999999999998934186e-01
1.000000000000000000e+00 3.447776167792873805e-63
1.000000000000000000e+00 2.342635753010030164e-41
4.214965026645739521e-46 1.000000000000000000e+00
3.430643340837930509e-121 1.000000000000000000e+00
6.612915442352961012e-115 1.000000000000000000e+00
1.601714770413157554e-121 1.000000000000000000e+00
4.653892385317531522e-95 1.000000000000000000e+00
2.250523801865334809e-97 1.000000000000000000e+00
4.601910135637313989e-51 1.000000000000000000e+00
1.000000000000000000e+00 2.032595966969821087e-163
1.000000000000000000e+00 7.872164318048182489e-110
1.000000000000000000e+00 2.369097694470952661e-85
6.815897623197769182e-30 1.000000000000000000e+00
2.699743819469401041e-64 1.000000000000000000e+00
6.539051632626340404e-71 1.000000000000000000e+00
8.661160227214978430e-87 1.000000000000000000e+00
9.516359933814788390e-49 1.000000000000000000e+00
2.457127930794302365e-102 1.000000000000000000e+00
4.992656224495642402e-99 1.000000000000000000e+00
1.167525059342951489e-103 1.000000000000000000e+00
2.414342820475839457e-101 1.000000000000000000e+00
3.296023750027123728e-32 1.000000000000000000e+00
9.883296957743393785e-01 1.167030422565655534e-02
9.998777117066881548e-01 1.222882933066201403e-04
4.550506437668072191e-07 9.999995449493580546e-01
1.000000000000000000e+00 1.474363312979860690e-58
1.000000000000000000e+00 1.873516533375778564e-115
1.000000000000000000e+00 4.458829946903588847e-121
1.000000000000000000e+00 1.757489876687193199e-68
1.000000000000000000e+00 4.647604904307717479e-80
1.000000000000000000e+00 4.647604904307717479e-80
1.000000000000000000e+00 1.746393890622947523e-111
1.000000000000000000e+00 5.638276235669495194e-91
1.000000000000000000e+00 1.092172716466879298e-171
1.000000000000000000e+00 4.359779283858380182e-33
8.716190260071233638e-44 1.000000000000000000e+00
3.333254970212457279e-76 1.000000000000000000e+00
4.653892385317531522e-95 1.000000000000000000e+00
5.847781648061046997e-108 1.000000000000000000e+00
6.384623707924024571e-113 1.000000000000000000e+00
6.095361112784402809e-67 1.000000000000000000e+00
5.113415970846402096e-57 1.000000000000000000e+00
1.000000000000000000e+00 2.557696006425131492e-46
1.000000000000000000e+00 2.453808312736030770e-87
4.850925765660273043e-54 1.000000000000000000e+00
7.059610199110222128e-32 1.000000000000000000e+00
1.290956553387509876e-22 1.000000000000000000e+00
7.219998839348464039e-120 1.000000000000000000e+00
2.399099765794440134e-144 1.000000000000000000e+00
6.687613602795094455e-159 1.000000000000000000e+00
2.316277801506121029e-142 1.000000000000000000e+00
2.084575624685231997e-136 1.000000000000000000e+00
1.441491847795851531e-115 1.000000000000000000e+00
5.204031961484273984e-58 1.000000000000000000e+00
9.999999999969872988e-01 3.014803695019804584e-12
5.547593786671482011e-105 1.000000000000000000e+00
5.450995473984474275e-104 1.000000000000000000e+00
1.855096313419206975e-86 1.000000000000000000e+00
9.794401306744048561e-94 1.000000000000000000e+00
1.000000000000000000e+00 3.250139035066999709e-103
1.000000000000000000e+00 8.062572093695937914e-68
1.000000000000000000e+00 9.954503205146942867e-80
1.000000000000000000e+00 3.764291279209312642e-68
1.000000000000000000e+00 3.421096937505964284e-236
1.000000000000000000e+00 0.000000000000000000e+00
1.000000000000000000e+00 1.339944079956008556e-226
1.000000000000000000e+00 8.747161409623043138e-116
1.000000000000000000e+00 1.705150603461775291e-153
1.000000000000000000e+00 1.099112006224616247e-128
1.000000000000000000e+00 1.138412393800236138e-130
1.000000000000000000e+00 9.338022002402986887e-33
1.000000000000000000e+00 5.106507666326528276e-42
1.000000000000000000e+00 3.893299647135480065e-200
1.000000000000000000e+00 4.038299713427559859e-72
1.000000000000000000e+00 3.193545499406905541e-102
1.000000000000000000e+00 2.313148474167960572e-127
1.000000000000000000e+00 5.222523394941304827e-130
1.000000000000000000e+00 5.099186939613448427e-172
1.000000000000000000e+00 6.995518402719273522e-190
1.000000000000000000e+00 1.029566017648440323e-211
1.000000000000000000e+00 0.000000000000000000e+00
1.000000000000000000e+00 1.414478086643138342e-99
1.000000000000000000e+00 2.525501716195504372e-132
1.976491658791674350e-03 9.980235083412078989e-01
1.000000000000000000e+00 6.010506169838420447e-138
1.000000000000000000e+00 3.675392808472168598e-110
1.000000000000000000e+00 2.380732191259200243e-172
1.000000000000000000e+00 5.156786327880259108e-216
1.000000000000000000e+00 1.013090918784661986e-80
1.000000000000000000e+00 2.586587225179649248e-90
1.000000000000000000e+00 9.610852840669426021e-78
1.000000000000000000e+00 3.168833530974546527e-275
1.000000000000000000e+00 0.000000000000000000e+00
1.000000000000000000e+00 1.959613134867716317e-291
1.000000000000000000e+00 2.662160056421367653e-135
1.000000000000000000e+00 2.692231280031942319e-179
1.000000000000000000e+00 7.504732728045521156e-194
1.000000000000000000e+00 4.480726993545721698e-208
1.000000000000000000e+00 2.380732191259200243e-172
1.000000000000000000e+00 1.179118025293209034e-132
1.000000000000000000e+00 1.500490835742431596e-59
1.000000000000000000e+00 5.106507666326528276e-42
1.000000000000000000e+00 4.332253634450255746e-76
9.919256226210915040e-08 9.999999008074360596e-01
1.161819433735202909e-16 1.000000000000000000e+00
1.000000000000000000e+00 2.301844254986119295e-40
1.000000000000000000e+00 2.505959136109818261e-305
1.000000000000000000e+00 1.732880123337166495e-284
1.000000000000000000e+00 1.470136795108754804e-318
1.000000000000000000e+00 0.000000000000000000e+00
1.000000000000000000e+00 0.000000000000000000e+00
1.000000000000000000e+00 2.884062302822770606e-313
1.000000000000000000e+00 1.551366127941514149e-321
1.000000000000000000e+00 2.395858544693190396e-129
1.000000000000000000e+00 2.925020740140518178e-97
1.802434235386507234e-41 1.000000000000000000e+00
1.669527098123811066e-80 1.000000000000000000e+00
3.745585612726950513e-126 1.000000000000000000e+00
3.616280128113457256e-124 1.000000000000000000e+00
4.624509840504844723e-138 1.000000000000000000e+00
5.610258288335830064e-149 1.000000000000000000e+00
5.610258288335830064e-149 1.000000000000000000e+00
3.033707801717899117e-114 1.000000000000000000e+00
2.414342820475839457e-101 1.000000000000000000e+00
2.484883152828122063e-146 1.000000000000000000e+00
3.177676005637215086e-160 1.000000000000000000e+00
5.610258288335830064e-149 1.000000000000000000e+00
3.254535963776528263e-118 1.000000000000000000e+00
3.349624385600531156e-163 1.000000000000000000e+00
1.457774649270776528e-159 1.000000000000000000e+00
4.543984866117021435e-137 1.000000000000000000e+00
7.049489490324622411e-162 1.000000000000000000e+00
2.484883152828122063e-146 1.000000000000000000e+00
9.794401306744048561e-94 1.000000000000000000e+00
1.740210418767655067e-39 1.000000000000000000e+00
4.235664467275913499e-133 1.000000000000000000e+00
5.229588650553723226e-145 1.000000000000000000e+00
2.316277801506121029e-142 1.000000000000000000e+00
1.432390928542671781e-158 1.000000000000000000e+00
3.469395196795736726e-165 1.000000000000000000e+00
3.177676005637215086e-160 1.000000000000000000e+00
4.515296227039779428e-180 1.000000000000000000e+00
3.349624385600531156e-163 1.000000000000000000e+00
3.593448591817803573e-167 1.000000000000000000e+00
6.571164523291796507e-158 1.000000000000000000e+00
1.311950361989381462e-153 1.000000000000000000e+00
1.977566790167393402e-133 1.000000000000000000e+00
5.810861433302528187e-151 1.000000000000000000e+00
1.943132110467143523e-132 1.000000000000000000e+00
3.553311105504303589e-123 1.000000000000000000e+00
9.129827412609951793e-90 1.000000000000000000e+00
4.115423328806690264e-88 1.000000000000000000e+00
5.450995473984474275e-104 1.000000000000000000e+00
6.687613602795094455e-159 1.000000000000000000e+00
2.573733852692515304e-148 1.000000000000000000e+00
1.120102892896215170e-144 1.000000000000000000e+00
2.573733852692515304e-148 1.000000000000000000e+00
8.606477628775301243e-130 1.000000000000000000e+00
6.425189410812923782e-70 1.000000000000000000e+00
4.521778682011555190e-50 1.000000000000000000e+00
2.590086472293474240e-105 1.000000000000000000e+00
4.414991193998151622e-92 1.000000000000000000e+00
1.990131569317579217e-90 1.000000000000000000e+00
1.000000000000000000e+00 2.045510382580662469e-120
1.000000000000000000e+00 0.000000000000000000e+00
9.999999938741979122e-01 6.125801653540569792e-09
1.967902538742020180e-46 1.000000000000000000e+00
1.593887285480655466e-34 1.000000000000000000e+00
6.654931632395760235e-72 1.000000000000000000e+00
1.360811972115615624e-25 1.000000000000000000e+00
6.134088940639762115e-24 1.000000000000000000e+00
1.000000000000000000e+00 4.063957680734186200e-29
1.000000000000000000e+00 3.722245543521584978e-24
1.000000000000000000e+00 1.726887319402625926e-67
9.999999999999857891e-01 1.457895222292324593e-14
1.000000000000000000e+00 1.256961502020270507e-179
1.000000000000000000e+00 5.348843047667532234e-88
1.000000000000000000e+00 3.611394477407898935e-109
1.000000000000000000e+00 7.833693518675120320e-23
1.000000000000000000e+00 8.205450741066883377e-69
1.000000000000000000e+00 1.200013440129414764e-133
1.000000000000000000e+00 0.000000000000000000e+00
1.000000000000000000e+00 1.849934162805381375e-201
1.000000000000000000e+00 5.701965068007009883e-135
1.000000000000000000e+00 1.092172716466879298e-171
1.221178143250332744e-279 1.000000000000000000e+00
1.000000000000000000e+00 1.500490835742431596e-59
1.000000000000000000e+00 1.646285222205920758e-151
1.000000000000000000e+00 5.341174907170856366e-218
1.000000000000000000e+00 2.380732191259200243e-172
1.000000000000000000e+00 1.561775425185129598e-148
1.000000000000000000e+00 4.353529072408039864e-163
1.650879100430533129e-36 1.000000000000000000e+00
1.908778462011715207e-02 9.809122153798774946e-01
8.870651821491141099e-45 1.000000000000000000e+00
1.216954953726760257e-62 1.000000000000000000e+00
9.953679933013801277e-225 1.000000000000000000e+00
