1.000000000000000000e+00 0.000000000000000000e+00
1.000000000000000000e+00 0.000000000000000000e+00
1.000000000000000000e+00 7.875850408466356290e-277
1.000000000000000000e+00 4.976829468103944771e-98
2.129898644370142828e-293 1.000000000000000000e+00
4.903649812712708271e-03 9.950963501872834849e-01
1.000000000000000000e+00 1.406863218688219622e-85
1.000000000000000000e+00 4.272868793089257701e-81
1.000000000000000000e+00 2.732505914731790543e-159
1.000000000000000000e+00 1.432333062995299645e-87
1.000000000000000000e+00 3.154265476533460955e-175
1.000000000000000000e+00 1.473592220369462667e-218
1.000000000000000000e+00 8.525443970960081864e-158
1.000000000000000000e+00 3.240309207420931919e-178
1.000000000000000000e+00 1.009478928137920082e-48
1.000000000000000000e+00 1.609507247743970251e-100
1.000000000000000000e+00 8.237165889913265217e-282
1.000000000000000000e+00 4.165589171719761818e-206
1.000000000000000000e+00 1.288060489997086985e-203
1.000000000000000000e+00 2.032313846443522103e-126
1.000000000000000000e+00 1.447388702909979863e-216
1.000000000000000000e+00 1.029282266140037685e-178
1.000000000000000000e+00 1.136033840442356866e-189
1.000000000000000000e+00 9.666338402737705281e-172
1.000000000000000000e+00 1.408954493063706413e-213
1.000000000000000000e+00 2.857863385853451335e-164
1.000000000000000000e+00 1.265156110432098708e-201
1.000000000000000000e+00 6.935972737222658139e-135
1.000000000000000000e+00 2.263307825533254968e-138
1.000000000000000000e+00 1.683345608804229676e-105
1.000000000000000000e+00 2.304282738495353451e-140
9.999999977602271883e-01 2.239765044777419928e-09
5.587265451072391221e-17 1.000000000000000000e+00
1.000000000000000000e+00 2.853621533829952562e-36
1.000000000000000000e+00 4.851875389990430312e-223
1.000000000000000000e+00 5.550737627944298132e-238
1.000000000000000000e+00 1.371540871870944131e-210
1.000000000000000000e+00 3.668481678935042796e-64
1.793446815063208383e-146 1.000000000000000000e+00
2.067190703565566679e-34 1.000000000000000000e+00
1.000000000000000000e+00 2.472061333331239853e-20
4.847382203714408991e-129 1.000000000000000000e+00
3.213165539527508880e-211 1.000000000000000000e+00
1.000000000000000000e+00 6.631732861224100332e-130
1.000000000000000000e+00 1.611899748465897860e-228
1.000000000000000000e+00 4.165589171719761818e-206
1.000000000000000000e+00 1.299667711534328963e-204
1.000000000000000000e+00 8.224939679605023257e-154
1.000000000000000000e+00 6.513806934764080602e-128
1.000000000000000000e+00 2.032313846443522103e-126
1.000000000000000000e+00 2.144703203846870274e-132
1.000000000000000000e+00 2.777845974278650884e-33
1.000000000000000000e+00 2.957880719947720641e-40
1.000000000000000000e+00 2.109697313719143696e-258
1.000000000000000000e+00 7.200070538974473964e-267
1.000000000000000000e+00 1.473592220369462667e-218
1.000000000000000000e+00 1.263278272242318628e-73
1.637128227616138314e-08 9.999999836287259969e-01
1.000000000000000000e+00 9.064511597596276359e-37
1.000000000000000000e+00 1.186387415584232621e-66
1.000000000000000000e+00 1.175791890713167740e-65
1.000000000000000000e+00 2.069106845623857024e-128
1.000000000000000000e+00 1.001950526899790935e-175
1.000000000000000000e+00 2.435326989309299789e-274
1.000000000000000000e+00 2.836550269103100518e-291
1.000000000000000000e+00 5.963747747956590542e-246
1.000000000000000000e+00 1.447388702909979863e-216
1.000000000000000000e+00 8.286739782912482390e-27
1.000000000000000000e+00 6.751793718036020534e-132
1.000000000000000000e+00 1.323196888944044228e-206
1.000000000000000000e+00 3.877107740838671231e-198
1.000000000000000000e+00 5.857699978378687333e-244
1.000000000000000000e+00 1.127561607001915860e-316
1.000000000000000000e+00 0.000000000000000000e+00
1.000000000000000000e+00 0.000000000000000000e+00
1.000000000000000000e+00 0.000000000000000000e+00
1.000000000000000000e+00 0.000000000000000000e+00
1.000000000000000000e+00 0.000000000000000000e+00
1.000000000000000000e+00 0.000000000000000000e+00
1.000000000000000000e+00 0.000000000000000000e+00
1.000000000000000000e+00 3.158954229835780270e-303
1.000000000000000000e+00 3.158954229835780270e-303
1.000000000000000000e+00 3.952525166729972353e-323
1.000000000000000000e+00 0.000000000000000000e+00
1.000000000000000000e+00 0.000000000000000000e+00
1.000000000000000000e+00 0.000000000000000000e+00
1.000000000000000000e+00 0.000000000000000000e+00
1.000000000000000000e+00 0.000000000000000000e+00
1.000000000000000000e+00 1.049474093871488018e-308
1.000000000000000000e+00 0.000000000000000000e+00
1.000000000000000000e+00 0.000000000000000000e+00
1.000000000000000000e+00 3.303875604574785267e-308
1.000000000000000000e+00 0.000000000000000000e+00
1.000000000000000000e+00 0.000000000000000000e+00
1.000000000000000000e+00 1.185757550018991706e-322
1.000000000000000000e+00 0.000000000000000000e+00
1.000000000000000000e+00 3.581692832733970411e-317
1.000000000000000000e+00 0.000000000000000000e+00
1.000000000000000000e+00 0.000000000000000000e+00
1.000000000000000000e+00 1.087817410805709553e-312
1.000000000000000000e+00 5.600757515865928012e-239
1.000000000000000000e+00 2.732505914731790543e-159
1.000000000000000000e+00 5.744998131273190472e-114
1.000000000000000000e+00 6.340838179293400707e-125
1.000000000000000000e+00 1.874675654132253657e-117
1.000000000000000000e+00 1.114176607626612309e-59
1.000000000000000000e+00 4.758525556370413219e-93
1.000000000000000000e+00 1.369505129556769310e-82
1.000000000000000000e+00 1.198857854331901816e-195
1.000000000000000000e+00 9.494450913369540366e-170
1.000000000000000000e+00 1.421651138186782148e-214
1.000000000000000000e+00 1.981288207581085970e-251
1.000000000000000000e+00 5.166329884565224174e-230
1.000000000000000000e+00 3.808164746316524084e-196
1.000000000000000000e+00 9.841337742304306867e-174
1.000000000000000000e+00 4.723037852076843131e-220
1.000000000000000000e+00 1.447388702909979863e-216
1.000000000000000000e+00 1.038557534949872066e-179
1.000000000000000000e+00 3.734895851943967051e-66
1.000000000000000000e+00 8.745006285795321282e-33
1.000000000000000000e+00 1.808597209314772199e-113
1.000000000000000000e+00 1.167023175605580972e-192
1.000000000000000000e+00 5.857699978378687333e-244
1.000000000000000000e+00 4.895597554409668735e-224
1.000000000000000000e+00 2.524303472988959483e-278
1.000000000000000000e+00 9.855966696397072631e-302
1.000000000000000000e+00 2.761228022865427214e-288
1.000000000000000000e+00 3.679306864579763014e-320
1.000000000000000000e+00 1.137722511667722352e-317
1.000000000000000000e+00 3.394000480088962319e-311
1.000000000000000000e+00 1.421651138186782148e-214
1.000000000000000000e+00 4.639052470566303051e-218
1.000000000000000000e+00 7.264953216835623231e-268
1.000000000000000000e+00 1.731835323372225747e-236
1.000000000000000000e+00 1.421651138186782148e-214
1.000000000000000000e+00 4.895597554409668735e-224
1.000000000000000000e+00 1.655870006900519940e-231
1.000000000000000000e+00 1.156600591109945004e-191
1.000000000000000000e+00 3.641123205921009976e-191
1.000000000000000000e+00 4.515866269250666783e-215
1.000000000000000000e+00 1.731835323372225747e-236
1.000000000000000000e+00 6.350263709951432356e-253
1.000000000000000000e+00 1.716368449733655466e-235
1.000000000000000000e+00 1.527431008638988491e-222
1.000000000000000000e+00 4.279220328117942521e-209
1.000000000000000000e+00 1.747441575113920812e-237
1.000000000000000000e+00 5.753537957478920676e-242
1.000000000000000000e+00 4.475535452567905856e-214
1.000000000000000000e+00 5.166329884565224174e-230
1.000000000000000000e+00 3.673934804462948220e-192
1.000000000000000000e+00 1.978347433213023338e-123
1.000000000000000000e+00 1.811285653330034803e-241
1.000000000000000000e+00 1.911451890454124725e-247
1.000000000000000000e+00 7.072038393127353476e-265
1.000000000000000000e+00 9.423644050522703566e-297
1.000000000000000000e+00 2.287098065749826862e-267
1.000000000000000000e+00 8.615057216556996935e-287
1.000000000000000000e+00 1.963593491499750692e-250
1.000000000000000000e+00 2.147891262781828689e-260
1.000000000000000000e+00 1.860694866497071632e-244
1.000000000000000000e+00 5.212885722566132538e-231
1.000000000000000000e+00 7.330420578116141504e-269
1.000000000000000000e+00 2.712127677663668308e-286
1.000000000000000000e+00 2.370658895409116912e-271
1.000000000000000000e+00 6.582275319821644559e-257
1.000000000000000000e+00 5.212885722566132538e-231
1.000000000000000000e+00 3.358696315426050589e-182
1.000000000000000000e+00 2.307708009253308772e-268
1.000000000000000000e+00 5.307259778250637165e-233
1.000000000000000000e+00 0.000000000000000000e+00
1.000000000000000000e+00 0.000000000000000000e+00
1.000000000000000000e+00 0.000000000000000000e+00
1.000000000000000000e+00 0.000000000000000000e+00
1.000000000000000000e+00 0.000000000000000000e+00
1.000000000000000000e+00 7.805511859867703157e-276
1.000000000000000000e+00 8.525443970960081864e-158
9.933627849499522267e-01 6.637215050050523750e-03
1.000000000000000000e+00 2.608769246435203984e-26
1.000000000000000000e+00 3.481408784509157101e-186
1.000000000000000000e+00 5.205148372362557012e-103
1.000000000000000000e+00 4.758525556370413219e-93
1.000000000000000000e+00 5.166329884565224174e-230
1.000000000000000000e+00 1.288060489997086985e-203
1.000000000000000000e+00 2.243094416286576871e-137
1.000000000000000000e+00 5.212885722566132538e-231
1.000000000000000000e+00 7.125175889615620244e-138
1.000000000000000000e+00 2.781975187430174577e-161
1.000000000000000000e+00 3.774154351603333935e-195
1.000000000000000000e+00 1.811285653330034803e-241
1.000000000000000000e+00 3.646550312260488369e-319
1.000000000000000000e+00 0.000000000000000000e+00
1.000000000000000000e+00 1.168959318060389324e-320
1.000000000000000000e+00 0.000000000000000000e+00
1.000000000000000000e+00 0.000000000000000000e+00
1.000000000000000000e+00 0.000000000000000000e+00
1.000000000000000000e+00 0.000000000000000000e+00
1.000000000000000000e+00 1.147976350081511583e-318
1.000000000000000000e+00 1.981288207581085970e-251
1.000000000000000000e+00 1.527431008638988491e-222
1.000000000000000000e+00 5.166329884565224174e-230
1.000000000000000000e+00 4.509163486826890270e-87
1.000000000000000000e+00 1.716368449733655466e-235
1.000000000000000000e+00 2.913927195623477221e-294
1.000000000000000000e+00 3.047607617799483519e-299
1.000000000000000000e+00 2.370658895409116912e-271
1.000000000000000000e+00 5.074461853871013448e-228
1.000000000000000000e+00 1.460431693869919860e-217
1.000000000000000000e+00 6.751793718036020534e-132
1.000000000000000000e+00 3.906239341589546194e-71
1.000000000000000000e+00 1.010979498617655014e-176
1.000000000000000000e+00 6.407488443011315788e-254
1.000000000000000000e+00 1.335120738442897615e-207
1.000000000000000000e+00 2.498045838085295135e-149
1.000000000000000000e+00 3.450316619438908755e-185
1.000000000000000000e+00 3.512781133357277781e-187
1.000000000000000000e+00 5.753537957478920676e-242
1.000000000000000000e+00 6.293550046104220448e-252
1.000000000000000000e+00 3.075070813087979014e-300
1.000000000000000000e+00 0.000000000000000000e+00
1.000000000000000000e+00 0.000000000000000000e+00
1.000000000000000000e+00 0.000000000000000000e+00
1.000000000000000000e+00 0.000000000000000000e+00
1.000000000000000000e+00 0.000000000000000000e+00
1.000000000000000000e+00 0.000000000000000000e+00
1.000000000000000000e+00 2.593162765373845839e-281
1.000000000000000000e+00 9.594249652814170254e-299
1.000000000000000000e+00 0.000000000000000000e+00
1.000000000000000000e+00 5.120189832782388816e-229
1.000000000000000000e+00 3.328700084953125757e-181
1.000000000000000000e+00 2.524303472988959483e-278
1.000000000000000000e+00 2.167246758832802360e-261
1.000000000000000000e+00 1.763188460950635264e-238
1.000000000000000000e+00 4.018760757103585093e-202
1.000000000000000000e+00 6.946282923641141782e-263
1.000000000000000000e+00 7.655334212074476159e-146
1.000000000000000000e+00 2.524303472988959483e-278
1.000000000000000000e+00 9.855966696397072631e-302
1.000000000000000000e+00 4.939713716514079640e-225
1.000000000000000000e+00 0.000000000000000000e+00
1.000000000000000000e+00 0.000000000000000000e+00
1.000000000000000000e+00 1.147976350081511583e-318
1.000000000000000000e+00 0.000000000000000000e+00
1.000000000000000000e+00 0.000000000000000000e+00
1.000000000000000000e+00 0.000000000000000000e+00
1.000000000000000000e+00 0.000000000000000000e+00
1.000000000000000000e+00 0.000000000000000000e+00
1.000000000000000000e+00 0.000000000000000000e+00
1.000000000000000000e+00 3.216143920587756243e-305
1.000000000000000000e+00 2.349486742907805358e-270
1.000000000000000000e+00 2.435326989309299789e-274
1.000000000000000000e+00 1.242659018108710223e-199
1.000000000000000000e+00 1.359291757265183061e-209
1.000000000000000000e+00 8.299057857852879230e-155
2.142717054114631339e-38 1.000000000000000000e+00
1.000000000000000000e+00 1.624011152907853547e-101
1.000000000000000000e+00 5.744998131273190472e-114
1.000000000000000000e+00 2.498045838085295135e-149
1.000000000000000000e+00 3.070506565750057602e-172
1.000000000000000000e+00 2.913927195623477221e-294
1.000000000000000000e+00 2.226366068312068536e-264
1.000000000000000000e+00 2.457272682157529114e-275
1.000000000000000000e+00 0.000000000000000000e+00
1.000000000000000000e+00 6.008557830617237316e-119
4.891063878251754713e-130 1.000000000000000000e+00
3.295916662660822150e-86 1.000000000000000000e+00
1.000000000000000000e+00 0.000000000000000000e+00
1.000000000000000000e+00 0.000000000000000000e+00
1.000000000000000000e+00 0.000000000000000000e+00
1.000000000000000000e+00 0.000000000000000000e+00
1.000000000000000000e+00 0.000000000000000000e+00
1.000000000000000000e+00 0.000000000000000000e+00
1.000000000000000000e+00 0.000000000000000000e+00
1.000000000000000000e+00 0.000000000000000000e+00
1.000000000000000000e+00 0.000000000000000000e+00
1.000000000000000000e+00 0.000000000000000000e+00
1.000000000000000000e+00 0.000000000000000000e+00
1.000000000000000000e+00 0.000000000000000000e+00
1.000000000000000000e+00 0.000000000000000000e+00
1.000000000000000000e+00 0.000000000000000000e+00
1.000000000000000000e+00 0.000000000000000000e+00
1.000000000000000000e+00 0.000000000000000000e+00
1.000000000000000000e+00 0.000000000000000000e+00
1.000000000000000000e+00 0.000000000000000000e+00
1.000000000000000000e+00 0.000000000000000000e+00
1.000000000000000000e+00 0.000000000000000000e+00
1.000000000000000000e+00 0.000000000000000000e+00
1.000000000000000000e+00 0.000000000000000000e+00
1.000000000000000000e+00 0.000000000000000000e+00
1.000000000000000000e+00 0.000000000000000000e+00
1.000000000000000000e+00 0.000000000000000000e+00
1.000000000000000000e+00 0.000000000000000000e+00
1.000000000000000000e+00 0.000000000000000000e+00
1.000000000000000000e+00 0.000000000000000000e+00
1.000000000000000000e+00 0.000000000000000000e+00
1.000000000000000000e+00 0.000000000000000000e+00
1.000000000000000000e+00 9.767943898031578296e-301
1.000000000000000000e+00 1.188150957035465364e-194
1.000000000000000000e+00 1.760571406343391379e-110
1.000000000000000000e+00 0.000000000000000000e+00
0.000000000000000000e+00 1.000000000000000000e+00
1.000000000000000000e+00 8.525443970960081864e-158
6.625591398655771401e-36 1.000000000000000000e+00
0.000000000000000000e+00 1.000000000000000000e+00
0.000000000000000000e+00 1.000000000000000000e+00
0.000000000000000000e+00 1.000000000000000000e+00
0.000000000000000000e+00 1.000000000000000000e+00
3.546417642602035232e-222 1.000000000000000000e+00
4.167917867629350259e-240 1.000000000000000000e+00
0.000000000000000000e+00 1.000000000000000000e+00
0.000000000000000000e+00 1.000000000000000000e+00
0.000000000000000000e+00 1.000000000000000000e+00
0.000000000000000000e+00 1.000000000000000000e+00
0.000000000000000000e+00 1.000000000000000000e+00
0.000000000000000000e+00 1.000000000000000000e+00
0.000000000000000000e+00 1.000000000000000000e+00
6.826577786851880579e-295 1.000000000000000000e+00
2.495732467606618745e-55 1.000000000000000000e+00
1.809608272278518532e-147 1.000000000000000000e+00
7.648244820885877681e-52 1.000000000000000000e+00
2.224304292881068790e-170 1.000000000000000000e+00
4.641645847417650388e-252 1.000000000000000000e+00
1.555952952434188028e-258 1.000000000000000000e+00
1.232249417812042779e-232 1.000000000000000000e+00
0.000000000000000000e+00 1.000000000000000000e+00
0.000000000000000000e+00 1.000000000000000000e+00
0.000000000000000000e+00 1.000000000000000000e+00
0.000000000000000000e+00 1.000000000000000000e+00
0.000000000000000000e+00 1.000000000000000000e+00
5.958224887738562568e-152 1.000000000000000000e+00
4.940656458412465442e-324 1.000000000000000000e+00
0.000000000000000000e+00 1.000000000000000000e+00
8.229537680644534355e-188 1.000000000000000000e+00
0.000000000000000000e+00 1.000000000000000000e+00
0.000000000000000000e+00 1.000000000000000000e+00
1.569974258702427719e-259 1.000000000000000000e+00
0.000000000000000000e+00 1.000000000000000000e+00
0.000000000000000000e+00 1.000000000000000000e+00
2.247684556420058957e-299 1.000000000000000000e+00
7.740126056209527843e-309 1.000000000000000000e+00
0.000000000000000000e+00 1.000000000000000000e+00
0.000000000000000000e+00 1.000000000000000000e+00
0.000000000000000000e+00 1.000000000000000000e+00
0.000000000000000000e+00 1.000000000000000000e+00
0.000000000000000000e+00 1.000000000000000000e+00
0.000000000000000000e+00 1.000000000000000000e+00
0.000000000000000000e+00 1.000000000000000000e+00
0.000000000000000000e+00 1.000000000000000000e+00
0.000000000000000000e+00 1.000000000000000000e+00
0.000000000000000000e+00 1.000000000000000000e+00
2.000259961465204951e-286 1.000000000000000000e+00
1.000000000000000000e+00 2.014163424732248569e-125
0.000000000000000000e+00 1.000000000000000000e+00
0.000000000000000000e+00 1.000000000000000000e+00
0.000000000000000000e+00 1.000000000000000000e+00
2.092024641278240735e-291 1.000000000000000000e+00
0.000000000000000000e+00 1.000000000000000000e+00
0.000000000000000000e+00 1.000000000000000000e+00
6.401554646938296706e-160 1.000000000000000000e+00
5.215799890324610821e-265 1.000000000000000000e+00
0.000000000000000000e+00 1.000000000000000000e+00
8.316040817215569010e-317 1.000000000000000000e+00
1.409742143127171888e-247 1.000000000000000000e+00
7.012796805626395098e-298 1.000000000000000000e+00
1.263984484695435549e-107 1.000000000000000000e+00
2.411342145059432427e-179 1.000000000000000000e+00
1.086810013483382598e-218 1.000000000000000000e+00
2.110876701149445365e-292 1.000000000000000000e+00
0.000000000000000000e+00 1.000000000000000000e+00
0.000000000000000000e+00 1.000000000000000000e+00
0.000000000000000000e+00 1.000000000000000000e+00
7.670999650227178816e-308 1.000000000000000000e+00
0.000000000000000000e+00 1.000000000000000000e+00
2.347310948857891765e-176 1.000000000000000000e+00
8.530209963419965764e-192 1.000000000000000000e+00
4.431457174270760406e-119 1.000000000000000000e+00
3.237308447569355969e-84 1.000000000000000000e+00
7.400612756391687466e-304 1.000000000000000000e+00
1.498880767910789241e-126 1.000000000000000000e+00
1.000000000000000000e+00 2.802878240907573329e-34
1.000000000000000000e+00 2.520556715238168032e-150
1.000000000000000000e+00 1.029282266140037685e-178
1.000000000000000000e+00 1.779077248192523895e-239
1.000000000000000000e+00 5.963747747956590542e-246
1.000000000000000000e+00 4.680856803648794227e-219
1.000000000000000000e+00 2.017157438863076474e-253
1.000000000000000000e+00 5.753537957478920676e-242
1.000000000000000000e+00 5.259861093601204969e-232
1.000000000000000000e+00 6.126430030133634808e-249
1.000000000000000000e+00 1.779077248192523895e-239
1.000000000000000000e+00 1.115832809139149278e-187
1.000000000000000000e+00 8.373843944270694901e-156
1.000000000000000000e+00 7.125175889615620244e-138
1.370270726179402781e-116 1.000000000000000000e+00
1.332597977134528378e-01 8.667402022865422495e-01
1.000000000000000000e+00 7.712854444877210129e-19
1.000000000000000000e+00 2.931464139389523680e-39
3.123200011188012487e-80 1.000000000000000000e+00
0.000000000000000000e+00 1.000000000000000000e+00
0.000000000000000000e+00 1.000000000000000000e+00
3.208396321796258517e-83 1.000000000000000000e+00
4.478037418243690353e-248 1.000000000000000000e+00
1.526016497444723740e-128 1.000000000000000000e+00
3.266481111920882985e-85 1.000000000000000000e+00
2.364948045880347886e-49 1.000000000000000000e+00
1.000000000000000000e+00 4.389426380041036760e-84
1.000000000000000000e+00 4.475535452567905856e-214
1.000000000000000000e+00 4.435564826966788265e-213
1.000000000000000000e+00 4.939713716514079640e-225
1.000000000000000000e+00 1.460431693869919860e-217
1.000000000000000000e+00 6.407488443011315788e-254
1.000000000000000000e+00 6.017489433105585584e-247
1.000000000000000000e+00 6.884246262999567430e-262
1.000000000000000000e+00 1.811285653330034803e-241
1.000000000000000000e+00 1.779077248192523895e-239
1.000000000000000000e+00 5.120189832782388816e-229
1.000000000000000000e+00 1.569097083874022009e-225
1.000000000000000000e+00 1.486871341568416361e-219
1.000000000000000000e+00 3.877107740838671231e-198
1.000000000000000000e+00 3.947298878976133752e-200
1.000000000000000000e+00 1.609507247743970251e-100
1.000000000000000000e+00 7.935027543845482694e-150
8.291372332176112163e-61 1.000000000000000000e+00
2.758670926717601160e-194 1.000000000000000000e+00
7.193402754760797942e-173 1.000000000000000000e+00
2.149092001834006089e-294 1.000000000000000000e+00
2.779398877910129295e-67 1.000000000000000000e+00
7.591206427931563839e-179 1.000000000000000000e+00
8.684640839689063890e-194 1.000000000000000000e+00
0.000000000000000000e+00 1.000000000000000000e+00
0.000000000000000000e+00 1.000000000000000000e+00
9.671742191194247349e-206 1.000000000000000000e+00
0.000000000000000000e+00 1.000000000000000000e+00
0.000000000000000000e+00 1.000000000000000000e+00
0.000000000000000000e+00 1.000000000000000000e+00
0.000000000000000000e+00 1.000000000000000000e+00
4.559107784088227458e-250 1.000000000000000000e+00
0.000000000000000000e+00 1.000000000000000000e+00
5.123052180608516472e-263 1.000000000000000000e+00
0.000000000000000000e+00 1.000000000000000000e+00
1.584121916496374227e-260 1.000000000000000000e+00
0.000000000000000000e+00 1.000000000000000000e+00
0.000000000000000000e+00 1.000000000000000000e+00
2.779398877910129295e-67 1.000000000000000000e+00
1.000000000000000000e+00 3.668481678935042796e-64
1.000000000000000000e+00 9.565789800974908541e-43
0.000000000000000000e+00 1.000000000000000000e+00
0.000000000000000000e+00 1.000000000000000000e+00
0.000000000000000000e+00 1.000000000000000000e+00
7.523410010454356400e-178 1.000000000000000000e+00
4.021007371295750597e-236 1.000000000000000000e+00
1.096603687534131217e-219 1.000000000000000000e+00
1.498880767910789241e-126 1.000000000000000000e+00
1.000000000000000000e+00 2.632277895928884754e-27
1.000000000000000000e+00 2.363626703903202816e-15
4.124563466362946938e-111 1.000000000000000000e+00
1.000000000000000000e+00 3.206603729035537097e-49
1.000000000000000000e+00 2.704082572035962479e-30
9.999999999282067620e-01 7.178712647206067960e-11
7.579938998383570042e-51 1.000000000000000000e+00
5.455081891727023501e-270 1.000000000000000000e+00
0.000000000000000000e+00 1.000000000000000000e+00
0.000000000000000000e+00 1.000000000000000000e+00
0.000000000000000000e+00 1.000000000000000000e+00
5.808630752999193012e-277 1.000000000000000000e+00
5.398338496884500533e-141 1.000000000000000000e+00
3.208396321796258517e-83 1.000000000000000000e+00
8.071201797824792095e-58 1.000000000000000000e+00
1.000000000000000000e+00 1.165290993569356235e-64
1.000000000000000000e+00 9.146195489818166798e-38
9.999999992885477695e-01 7.114600171963107372e-10
1.579173446540642800e-04 9.998420826553385821e-01
6.685297218201260686e-37 1.000000000000000000e+00
1.793446815063208383e-146 1.000000000000000000e+00
0.000000000000000000e+00 1.000000000000000000e+00
0.000000000000000000e+00 1.000000000000000000e+00
0.000000000000000000e+00 1.000000000000000000e+00
0.000000000000000000e+00 1.000000000000000000e+00
2.525714638353462759e-312 1.000000000000000000e+00
8.168164173003728457e-315 1.000000000000000000e+00
0.000000000000000000e+00 1.000000000000000000e+00
0.000000000000000000e+00 1.000000000000000000e+00
2.092024641278240735e-291 1.000000000000000000e+00
0.000000000000000000e+00 1.000000000000000000e+00
0.000000000000000000e+00 1.000000000000000000e+00
0.000000000000000000e+00 1.000000000000000000e+00
0.000000000000000000e+00 1.000000000000000000e+00
0.000000000000000000e+00 1.000000000000000000e+00
0.000000000000000000e+00 1.000000000000000000e+00
0.000000000000000000e+00 1.000000000000000000e+00
0.000000000000000000e+00 1.000000000000000000e+00
0.000000000000000000e+00 1.000000000000000000e+00
0.000000000000000000e+00 1.000000000000000000e+00
0.000000000000000000e+00 1.000000000000000000e+00
0.000000000000000000e+00 1.000000000000000000e+00
0.000000000000000000e+00 1.000000000000000000e+00
0.000000000000000000e+00 1.000000000000000000e+00
2.414926557509742277e-307 1.000000000000000000e+00
2.326347314875809309e-175 1.000000000000000000e+00
9.744413200345178292e-79 1.000000000000000000e+00
3.447121377590369540e-91 1.000000000000000000e+00
0.000000000000000000e+00 1.000000000000000000e+00
2.018285093578751410e-287 1.000000000000000000e+00
1.254558054787019436e-234 1.000000000000000000e+00
5.705341284412311097e-275 1.000000000000000000e+00
0.000000000000000000e+00 1.000000000000000000e+00
8.316040817215569010e-317 1.000000000000000000e+00
9.585364686193051392e-205 1.000000000000000000e+00
3.017592595434169637e-204 1.000000000000000000e+00
5.115448167993134561e-135 1.000000000000000000e+00
6.166746320964098291e-28 1.000000000000000000e+00
1.000000000000000000e+00 1.609507247743970251e-100
1.000000000000000000e+00 9.325619939080020581e-168
1.000000000000000000e+00 1.299667711534328963e-204
1.000000000000000000e+00 1.066887859620764966e-182
1.000000000000000000e+00 7.519206536516487866e-144
1.000000000000000000e+00 5.901713245087755433e-117
1.000000000000000000e+00 1.218750322344699450e-69
1.608014142324168351e-06 9.999983919858689285e-01
5.739677848970410641e-20 1.000000000000000000e+00
1.000000000000000000e+00 2.802878240907573329e-34
1.000000000000000000e+00 1.165290993569356235e-64
1.000000000000000000e+00 4.932381828390592333e-97
3.013113661512962108e-76 1.000000000000000000e+00
2.168458318218571597e-295 1.000000000000000000e+00
5.852275326035420878e-150 1.000000000000000000e+00
1.498880767910789241e-126 1.000000000000000000e+00
4.634756373642957923e-124 1.000000000000000000e+00
1.000000000000000000e+00 8.066692262075200579e-24
1.199528053737866133e-229 1.000000000000000000e+00
1.230420422166581160e-104 1.000000000000000000e+00
1.000000000000000000e+00 1.027754529339299990e-50
1.000000000000000000e+00 2.498045838085295135e-149
1.000000000000000000e+00 4.054975396695341218e-203
1.000000000000000000e+00 6.812636796506007461e-133
1.000000000000000000e+00 1.555083611580104906e-224
1.000000000000000000e+00 2.053676046519406488e-255
1.000000000000000000e+00 5.452034032515177991e-236
1.000000000000000000e+00 1.731835323372225747e-236
1.000000000000000000e+00 1.253857109062245337e-200
1.000000000000000000e+00 1.763188460950635264e-238
1.000000000000000000e+00 4.680856803648794227e-219
1.000000000000000000e+00 1.763188460950635264e-238
1.000000000000000000e+00 1.860694866497071632e-244
1.000000000000000000e+00 5.355085591155684749e-234
1.000000000000000000e+00 2.017157438863076474e-253
1.000000000000000000e+00 7.463130473683758108e-271
1.000000000000000000e+00 4.556560522843164740e-216
1.000000000000000000e+00 1.555083611580104906e-224
1.000000000000000000e+00 7.254170036416188459e-140
1.000000000000000000e+00 7.385499492571443397e-142
6.695234780420368651e-165 1.000000000000000000e+00
1.446048316660038253e-122 1.000000000000000000e+00
8.303697293302370706e-189 1.000000000000000000e+00
0.000000000000000000e+00 1.000000000000000000e+00
0.000000000000000000e+00 1.000000000000000000e+00
5.504239788051956421e-271 1.000000000000000000e+00
0.000000000000000000e+00 1.000000000000000000e+00
0.000000000000000000e+00 1.000000000000000000e+00
3.325617468774185077e-87 1.000000000000000000e+00
2.030431777355967614e-32 1.000000000000000000e+00
3.242120642604235562e-212 1.000000000000000000e+00
5.161545490753389478e-136 1.000000000000000000e+00
4.593363759570906477e-123 1.000000000000000000e+00
1.372307606534708808e-244 1.000000000000000000e+00
2.433071701003661071e-180 1.000000000000000000e+00
1.000000000000000000e+00 7.782358020936366196e-20
1.000000000000000000e+00 7.643971599337791329e-18
1.000000000000000000e+00 8.903325833561969011e-35
4.718663978639554997e-126 1.000000000000000000e+00
3.452245455402752739e-219 1.000000000000000000e+00
5.504239788051956421e-271 1.000000000000000000e+00
5.905012489189379946e-151 1.000000000000000000e+00
2.734033471840624522e-193 1.000000000000000000e+00
6.765610202585548283e-294 1.000000000000000000e+00
5.896247833295365591e-23 1.000000000000000000e+00
4.471390784189899015e-120 1.000000000000000000e+00
8.684640839689063890e-194 1.000000000000000000e+00
3.416335430425262156e-90 1.000000000000000000e+00
1.000000000000000000e+00 9.064511597596276359e-37
1.000000000000000000e+00 4.196888348511341599e-79
1.000000000000000000e+00 2.753037268686529110e-32
1.000000000000000000e+00 7.923249789583133535e-22
1.000000000000000000e+00 1.251996041684117080e-72
1.000000000000000000e+00 1.841340043673906244e-115
1.000000000000000000e+00 7.852487921155992196e-21
1.000000000000000000e+00 3.298971748257453694e-180
1.000000000000000000e+00 3.093577570567243035e-45
1.000000000000000000e+00 4.932381828390592333e-97
1.000000000000000000e+00 9.666338402737705281e-172
1.000000000000000000e+00 2.708102137346359213e-158
1.000000000000000000e+00 1.359291757265183061e-209
1.000000000000000000e+00 1.299667711534328963e-204
1.000000000000000000e+00 1.323196888944044228e-206
1.000000000000000000e+00 9.580009158493120825e-171
1.000000000000000000e+00 3.544436190823535186e-188
1.000000000000000000e+00 1.311379530327986014e-205
1.000000000000000000e+00 3.328700084953125757e-181
1.000000000000000000e+00 7.125175889615620244e-138
1.000000000000000000e+00 7.793926342354227082e-148
1.000000000000000000e+00 1.792444781818231175e-112
1.000000000000000000e+00 1.369505129556769310e-82
1.000000000000000000e+00 5.112590068666009950e-101
1.000000000000000000e+00 3.539175276704276303e-60
1.000000000000000000e+00 9.064511597596276359e-37
7.717166174111520829e-53 1.000000000000000000e+00
5.446985056069091894e-142 1.000000000000000000e+00
1.039138121412397290e-213 1.000000000000000000e+00
0.000000000000000000e+00 1.000000000000000000e+00
0.000000000000000000e+00 1.000000000000000000e+00
0.000000000000000000e+00 1.000000000000000000e+00
0.000000000000000000e+00 1.000000000000000000e+00
0.000000000000000000e+00 1.000000000000000000e+00
2.833923419128155854e-197 1.000000000000000000e+00
2.224304292881068790e-170 1.000000000000000000e+00
0.000000000000000000e+00 1.000000000000000000e+00
0.000000000000000000e+00 1.000000000000000000e+00
0.000000000000000000e+00 1.000000000000000000e+00
0.000000000000000000e+00 1.000000000000000000e+00
1.964691202278940456e-284 1.000000000000000000e+00
0.000000000000000000e+00 1.000000000000000000e+00
2.594612423620838112e-315 1.000000000000000000e+00
0.000000000000000000e+00 1.000000000000000000e+00
0.000000000000000000e+00 1.000000000000000000e+00
0.000000000000000000e+00 1.000000000000000000e+00
0.000000000000000000e+00 1.000000000000000000e+00
0.000000000000000000e+00 1.000000000000000000e+00
0.000000000000000000e+00 1.000000000000000000e+00
0.000000000000000000e+00 1.000000000000000000e+00
0.000000000000000000e+00 1.000000000000000000e+00
1.732803474013300089e-270 1.000000000000000000e+00
1.000000000000000000e+00 1.569097083874022009e-225
1.000000000000000000e+00 0.000000000000000000e+00
