1.000000000000000000e+00 0.000000000000000000e+00
1.000000000000000000e+00 0.000000000000000000e+00
1.000000000000000000e+00 0.000000000000000000e+00
1.000000000000000000e+00 0.000000000000000000e+00
1.000000000000000000e+00 0.000000000000000000e+00
1.000000000000000000e+00 0.000000000000000000e+00
1.000000000000000000e+00 0.000000000000000000e+00
1.000000000000000000e+00 0.000000000000000000e+00
1.000000000000000000e+00 0.000000000000000000e+00
1.000000000000000000e+00 0.000000000000000000e+00
1.000000000000000000e+00 0.000000000000000000e+00
1.000000000000000000e+00 0.000000000000000000e+00
1.000000000000000000e+00 0.000000000000000000e+00
1.000000000000000000e+00 0.000000000000000000e+00
1.000000000000000000e+00 0.000000000000000000e+00
1.000000000000000000e+00 0.000000000000000000e+00
1.000000000000000000e+00 0.000000000000000000e+00
1.000000000000000000e+00 0.000000000000000000e+00
1.000000000000000000e+00 0.000000000000000000e+00
1.000000000000000000e+00 0.000000000000000000e+00
1.000000000000000000e+00 0.000000000000000000e+00
1.000000000000000000e+00 0.000000000000000000e+00
1.000000000000000000e+00 0.000000000000000000e+00
1.000000000000000000e+00 0.000000000000000000e+00
1.000000000000000000e+00 0.000000000000000000e+00
1.000000000000000000e+00 0.000000000000000000e+00
1.000000000000000000e+00 0.000000000000000000e+00
1.000000000000000000e+00 0.000000000000000000e+00
1.000000000000000000e+00 0.000000000000000000e+00
1.000000000000000000e+00 0.000000000000000000e+00
1.000000000000000000e+00 0.000000000000000000e+00
1.000000000000000000e+00 0.000000000000000000e+00
1.000000000000000000e+00 0.000000000000000000e+00
1.000000000000000000e+00 0.000000000000000000e+00
1.000000000000000000e+00 0.000000000000000000e+00
1.000000000000000000e+00 0.000000000000000000e+00
1.000000000000000000e+00 0.000000000000000000e+00
1.000000000000000000e+00 0.000000000000000000e+00
1.000000000000000000e+00 0.000000000000000000e+00
1.000000000000000000e+00 0.000000000000000000e+00
1.000000000000000000e+00 0.000000000000000000e+00
1.000000000000000000e+00 0.000000000000000000e+00
1.000000000000000000e+00 0.000000000000000000e+00
1.000000000000000000e+00 0.000000000000000000e+00
1.000000000000000000e+00 0.000000000000000000e+00
1.000000000000000000e+00 0.000000000000000000e+00
1.000000000000000000e+00 0.000000000000000000e+00
1.000000000000000000e+00 0.000000000000000000e+00
1.000000000000000000e+00 0.000000000000000000e+00
1.000000000000000000e+00 0.000000000000000000e+00
1.000000000000000000e+00 0.000000000000000000e+00
1.000000000000000000e+00 0.000000000000000000e+00
1.000000000000000000e+00 0.000000000000000000e+00
1.000000000000000000e+00 0.000000000000000000e+00
1.000000000000000000e+00 0.000000000000000000e+00
1.000000000000000000e+00 0.000000000000000000e+00
1.000000000000000000e+00 0.000000000000000000e+00
1.000000000000000000e+00 0.000000000000000000e+00
1.000000000000000000e+00 0.000000000000000000e+00
1.000000000000000000e+00 0.000000000000000000e+00
1.000000000000000000e+00 0.000000000000000000e+00
1.000000000000000000e+00 0.000000000000000000e+00
1.000000000000000000e+00 0.000000000000000000e+00
1.000000000000000000e+00 0.000000000000000000e+00
1.000000000000000000e+00 0.000000000000000000e+00
1.000000000000000000e+00 0.000000000000000000e+00
1.000000000000000000e+00 0.000000000000000000e+00
1.000000000000000000e+00 0.000000000000000000e+00
1.000000000000000000e+00 0.000000000000000000e+00
1.000000000000000000e+00 0.000000000000000000e+00
1.000000000000000000e+00 0.000000000000000000e+00
1.000000000000000000e+00 0.000000000000000000e+00
1.000000000000000000e+00 0.000000000000000000e+00
1.000000000000000000e+00 0.000000000000000000e+00
1.000000000000000000e+00 0.000000000000000000e+00
1.000000000000000000e+00 0.000000000000000000e+00
1.000000000000000000e+00 0.000000000000000000e+00
1.000000000000000000e+00 0.000000000000000000e+00
1.000000000000000000e+00 0.000000000000000000e+00
1.000000000000000000e+00 0.000000000000000000e+00
1.000000000000000000e+00 0.000000000000000000e+00
1.000000000000000000e+00 0.000000000000000000e+00
1.000000000000000000e+00 0.000000000000000000e+00
1.000000000000000000e+00 0.000000000000000000e+00
1.000000000000000000e+00 0.000000000000000000e+00
1.000000000000000000e+00 0.000000000000000000e+00
1.000000000000000000e+00 0.000000000000000000e+00
1.000000000000000000e+00 0.000000000000000000e+00
1.000000000000000000e+00 0.000000000000000000e+00
1.000000000000000000e+00 0.000000000000000000e+00
1.000000000000000000e+00 0.000000000000000000e+00
1.000000000000000000e+00 0.000000000000000000e+00
1.000000000000000000e+00 0.000000000000000000e+00
1.000000000000000000e+00 0.000000000000000000e+00
1.000000000000000000e+00 0.000000000000000000e+00
7.022871301201210456e-69 1.000000000000000000e+00
0.000000000000000000e+00 1.000000000000000000e+00
1.000000000000000000e+00 2.064063099713605468e-34
1.000000000000000000e+00 1.129905741167102965e-204
0.000000000000000000e+00 1.000000000000000000e+00
3.141525345066740896e-223 1.000000000000000000e+00
1.000000000000000000e+00 1.500059000166820872e-45
4.774217347040437408e-111 1.000000000000000000e+00
1.000000000000000000e+00 0.000000000000000000e+00
1.000000000000000000e+00 2.964393875047479265e-323
1.000000000000000000e+00 1.454316560888543284e-224
1.000000000000000000e+00 3.920591872143127234e-230
1.000000000000000000e+00 8.211596227912040102e-216
0.000000000000000000e+00 1.000000000000000000e+00
0.000000000000000000e+00 1.000000000000000000e+00
1.000000000000000000e+00 2.362753758815053501e-81
0.000000000000000000e+00 1.000000000000000000e+00
0.000000000000000000e+00 1.000000000000000000e+00
1.000000000000000000e+00 0.000000000000000000e+00
1.000000000000000000e+00 0.000000000000000000e+00
1.000000000000000000e+00 0.000000000000000000e+00
1.000000000000000000e+00 0.000000000000000000e+00
1.000000000000000000e+00 0.000000000000000000e+00
1.000000000000000000e+00 0.000000000000000000e+00
1.000000000000000000e+00 0.000000000000000000e+00
1.000000000000000000e+00 0.000000000000000000e+00
1.000000000000000000e+00 0.000000000000000000e+00
1.000000000000000000e+00 0.000000000000000000e+00
1.000000000000000000e+00 0.000000000000000000e+00
1.000000000000000000e+00 0.000000000000000000e+00
1.000000000000000000e+00 0.000000000000000000e+00
1.000000000000000000e+00 0.000000000000000000e+00
1.000000000000000000e+00 0.000000000000000000e+00
1.000000000000000000e+00 0.000000000000000000e+00
1.000000000000000000e+00 0.000000000000000000e+00
1.000000000000000000e+00 0.000000000000000000e+00
1.000000000000000000e+00 0.000000000000000000e+00
1.000000000000000000e+00 0.000000000000000000e+00
1.000000000000000000e+00 0.000000000000000000e+00
1.000000000000000000e+00 0.000000000000000000e+00
1.000000000000000000e+00 0.000000000000000000e+00
1.000000000000000000e+00 0.000000000000000000e+00
1.000000000000000000e+00 0.000000000000000000e+00
1.000000000000000000e+00 0.000000000000000000e+00
1.000000000000000000e+00 0.000000000000000000e+00
1.000000000000000000e+00 0.000000000000000000e+00
1.000000000000000000e+00 0.000000000000000000e+00
1.000000000000000000e+00 0.000000000000000000e+00
1.000000000000000000e+00 0.000000000000000000e+00
2.246215353301867667e-269 1.000000000000000000e+00
1.000000000000000000e+00 1.430818022916216768e-259
1.000000000000000000e+00 1.407699169327231964e-294
1.000000000000000000e+00 3.788810079054611005e-191
1.000000000000000000e+00 1.021399219435293014e-196
1.000000000000000000e+00 3.256362879782486265e-179
1.000000000000000000e+00 2.213707681964729343e-221
1.000000000000000000e+00 2.753519822042855995e-202
1.000000000000000000e+00 2.174432950601837179e-147
1.000000000000000000e+00 6.266666755409434845e-122
1.829610298437357077e-35 1.000000000000000000e+00
1.378137246649543180e-194 1.000000000000000000e+00
1.000000000000000000e+00 3.364200652753370797e-109
2.881832387470762743e-71 1.000000000000000000e+00
1.163451217288488999e-108 1.000000000000000000e+00
3.965366622162931422e-60 1.000000000000000000e+00
2.982067825901286102e-110 1.000000000000000000e+00
1.829610298437357077e-35 1.000000000000000000e+00
6.035936596863694106e-57 1.000000000000000000e+00
1.266252525054045675e-151 1.000000000000000000e+00
7.781460323345794474e-186 1.000000000000000000e+00
2.571265297179388964e-316 1.000000000000000000e+00
0.000000000000000000e+00 1.000000000000000000e+00
7.532029496134352587e-256 1.000000000000000000e+00
2.097750305371676900e-191 1.000000000000000000e+00
5.289913664612186719e-228 1.000000000000000000e+00
5.376790706365452991e-193 1.000000000000000000e+00
5.664299159279256377e-306 1.000000000000000000e+00
0.000000000000000000e+00 1.000000000000000000e+00
1.449491981904499520e-198 1.000000000000000000e+00
6.698703737160614544e-283 1.000000000000000000e+00
0.000000000000000000e+00 1.000000000000000000e+00
0.000000000000000000e+00 1.000000000000000000e+00
0.000000000000000000e+00 1.000000000000000000e+00
1.689210443131221935e-319 1.000000000000000000e+00
0.000000000000000000e+00 1.000000000000000000e+00
0.000000000000000000e+00 1.000000000000000000e+00
5.376790706365452991e-193 1.000000000000000000e+00
7.909256407794272643e-151 1.000000000000000000e+00
2.744385240053293657e-176 1.000000000000000000e+00
1.893247514542759675e-74 1.000000000000000000e+00
3.031042770948212437e-75 1.000000000000000000e+00
1.653910111797263225e-27 1.000000000000000000e+00
8.594252263228025795e-85 1.000000000000000000e+00
2.027239192328701568e-152 1.000000000000000000e+00
0.000000000000000000e+00 1.000000000000000000e+00
0.000000000000000000e+00 1.000000000000000000e+00
1.034729752619517993e-135 1.000000000000000000e+00
4.393693364790667038e-177 1.000000000000000000e+00
9.507247302021471345e-93 1.000000000000000000e+00
1.000000000000000000e+00 3.141841647669897909e-31
1.000000000000000000e+00 1.403170502976144536e-76
1.000000000000000000e+00 5.204964369608795694e-71
9.999999990476453604e-01 9.523535804122638685e-10
5.833052294276406812e-18 1.000000000000000000e+00
1.243787170587856272e-77 1.000000000000000000e+00
5.456296666153727974e-49 1.000000000000000000e+00
1.016371984157099261e-61 1.000000000000000000e+00
1.549578963151099886e-167 1.000000000000000000e+00
4.170678310966905117e-64 1.000000000000000000e+00
7.896523844566780170e-42 1.000000000000000000e+00
1.000000000000000000e+00 5.030011311507671324e-32
1.000000000000000000e+00 5.852467387194868515e-44
1.000000000000000000e+00 8.052924568193707579e-33
1.000000000000000000e+00 3.782710736539216538e-82
1.000000000000000000e+00 2.525901188467595939e-50
1.000000000000000000e+00 2.794235789653281444e-58
1.000000000000000000e+00 1.806039234848634471e-96
1.000000000000000000e+00 1.806039234848634471e-96
1.000000000000000000e+00 9.218263625557367714e-80
1.000000000000000000e+00 9.538891813407079081e-119
1.000000000000000000e+00 1.806039234848634471e-96
1.000000000000000000e+00 8.622857905323427990e-111
1.000000000000000000e+00 1.358192572775833390e-146
1.000000000000000000e+00 1.268421961458124532e-68
1.000000000000000000e+00 3.364200652753370797e-109
1.000000000000000000e+00 4.868776809219737642e-102
1.000000000000000000e+00 9.069316880626809980e-115
1.000000000000000000e+00 7.922807124136647836e-68
1.000000000000000000e+00 1.128086784296421774e-95
1.000000000000000000e+00 7.279590295407517675e-25
1.000000000000000000e+00 5.564365578964880114e-40
9.864046217995796617e-01 1.359537820043071887e-02
1.284976284269722266e-07 9.999998715023619145e-01
1.000000000000000000e+00 1.108072712082223253e-21
1.000000000000000000e+00 5.564365578964880114e-40
1.000000000000000000e+00 1.289253444672276664e-33
1.000000000000000000e+00 2.283335156441357282e-42
1.000000000000000000e+00 9.369656545117572728e-45
1.000000000000000000e+00 4.110319432379859743e-16
1.000000000000000000e+00 5.757904462706939627e-79
1.000000000000000000e+00 1.835700086794576437e-61
1.000000000000000000e+00 1.268421961458124532e-68
1.000000000000000000e+00 6.369585158974826132e-87
1.000000000000000000e+00 5.852467387194868515e-44
1.000000000000000000e+00 6.921234923471714007e-21
2.057215692986923308e-08 9.999999794278553455e-01
9.999999999999715783e-01 1.603637618671276096e-14
4.932320416445461127e-41 1.000000000000000000e+00
3.245560156129297519e-153 1.000000000000000000e+00
2.881832387470762743e-71 1.000000000000000000e+00
1.000000000000000000e+00 2.700313898602448227e-19
1.000000000000000000e+00 1.686667910467998785e-18
1.000000000000000000e+00 7.532787854024109502e-64
1.000000000000000000e+00 1.165444526976102625e-25
1.000000000000000000e+00 4.473502870330619787e-59
1.000000000000000000e+00 1.312540013561114833e-107
1.000000000000000000e+00 5.757904462706939627e-79
1.000000000000000000e+00 1.632602612353703934e-88
1.000000000000000000e+00 7.279590295407517675e-25
9.999999990476453604e-01 9.523535804122638685e-10
1.000000000000000000e+00 7.922807124136647836e-68
1.000000000000000000e+00 1.312540013561114833e-107
1.000000000000000000e+00 9.218263625557367714e-80
1.000000000000000000e+00 2.794235789653281444e-58
1.000000000000000000e+00 7.532787854024109502e-64
1.000000000000000000e+00 4.253283912959141625e-55
1.000000000000000000e+00 1.289253444672276664e-33
1.000000000000000000e+00 3.844834759620153543e-47
1.000000000000000000e+00 2.030712406728353158e-69
1.000000000000000000e+00 4.705123932562514714e-63
1.000000000000000000e+00 1.205980834235533504e-64
1.000000000000000000e+00 7.161968222205894893e-60
1.000000000000000000e+00 7.161968222205894893e-60
3.293551854341620643e-09 9.999999967064354678e-01
9.999985503641815043e-01 1.449635821691796462e-06
2.933884207611403347e-145 1.000000000000000000e+00
1.862656823487157291e-109 1.000000000000000000e+00
1.552077545122782560e-276 1.000000000000000000e+00
9.053805239547509186e-198 1.000000000000000000e+00
2.135639990444691500e-265 1.000000000000000000e+00
5.385460385450997551e-302 1.000000000000000000e+00
4.628633508623258972e-290 1.000000000000000000e+00
1.220229608218838116e-03 9.987797703917803416e-01
5.103875605277892474e-80 1.000000000000000000e+00
1.470925446125176332e-54 1.000000000000000000e+00
4.932320416445461127e-41 1.000000000000000000e+00
7.267139700355005393e-108 1.000000000000000000e+00
0.000000000000000000e+00 1.000000000000000000e+00
0.000000000000000000e+00 1.000000000000000000e+00
0.000000000000000000e+00 1.000000000000000000e+00
0.000000000000000000e+00 1.000000000000000000e+00
1.403029239813788044e-268 1.000000000000000000e+00
1.603476173629784603e-206 1.000000000000000000e+00
1.497493385014652677e-128 1.000000000000000000e+00
2.562993333169672384e-98 1.000000000000000000e+00
1.600894848572247868e-97 1.000000000000000000e+00
9.999496615996452029e-97 1.000000000000000000e+00
9.039230146557251331e-89 1.000000000000000000e+00
1.000000000000000000e+00 6.369585158974826132e-87
1.000000000000000000e+00 2.656682800399909508e-54
4.613742871986430372e-72 1.000000000000000000e+00
2.744385240053293657e-176 1.000000000000000000e+00
2.480837860973981613e-168 1.000000000000000000e+00
1.742348208698444114e-140 1.000000000000000000e+00
1.686498106413476657e-210 1.000000000000000000e+00
9.522577038206702860e-202 1.000000000000000000e+00
1.289123650026889901e-225 1.000000000000000000e+00
4.184138977710436971e-282 1.000000000000000000e+00
2.484838029343260888e-277 1.000000000000000000e+00
0.000000000000000000e+00 1.000000000000000000e+00
0.000000000000000000e+00 1.000000000000000000e+00
0.000000000000000000e+00 1.000000000000000000e+00
0.000000000000000000e+00 1.000000000000000000e+00
0.000000000000000000e+00 1.000000000000000000e+00
1.312407874557178268e-299 1.000000000000000000e+00
4.697076557590684300e-146 1.000000000000000000e+00
3.770161895925657695e-56 1.000000000000000000e+00
9.187682772562797791e-54 1.000000000000000000e+00
1.000000000000000000e+00 1.865848063339576310e-26
1.000000000000000000e+00 2.170932481835226321e-38
1.000000000000000000e+00 8.333020117207853862e-72
1.000000000000000000e+00 1.632602612353703934e-88
1.000000000000000000e+00 3.538386240947958788e-113
1.000000000000000000e+00 3.538386240947958788e-113
1.000000000000000000e+00 7.668845495764244139e-138
1.000000000000000000e+00 4.554303533065593646e-133
1.000000000000000000e+00 6.484632967619816449e-161
1.000000000000000000e+00 8.483531599502515900e-146
1.000000000000000000e+00 8.483531599502515900e-146
1.000000000000000000e+00 3.721590500221076427e-117
1.000000000000000000e+00 2.987176922526689765e-27
9.822089478390207290e-23 1.000000000000000000e+00
5.545906240776793493e-14 9.999999999999431566e-01
2.881832387470762743e-71 1.000000000000000000e+00
3.240335353977754636e-44 1.000000000000000000e+00
9.039230146557251331e-89 1.000000000000000000e+00
1.072446015709619447e-283 1.000000000000000000e+00
3.649311237905835136e-126 1.000000000000000000e+00
2.094373282676558605e-82 1.000000000000000000e+00
5.021408267736286393e-115 1.000000000000000000e+00
9.999496615996452029e-97 1.000000000000000000e+00
4.539194995004313333e-107 1.000000000000000000e+00
0.000000000000000000e+00 1.000000000000000000e+00
0.000000000000000000e+00 1.000000000000000000e+00
0.000000000000000000e+00 1.000000000000000000e+00
0.000000000000000000e+00 1.000000000000000000e+00
0.000000000000000000e+00 1.000000000000000000e+00
0.000000000000000000e+00 1.000000000000000000e+00
1.019652276605490736e-279 1.000000000000000000e+00
5.851878194331123734e-236 1.000000000000000000e+00
2.444688544453708486e-312 1.000000000000000000e+00
0.000000000000000000e+00 1.000000000000000000e+00
0.000000000000000000e+00 1.000000000000000000e+00
0.000000000000000000e+00 1.000000000000000000e+00
0.000000000000000000e+00 1.000000000000000000e+00
0.000000000000000000e+00 1.000000000000000000e+00
0.000000000000000000e+00 1.000000000000000000e+00
0.000000000000000000e+00 1.000000000000000000e+00
0.000000000000000000e+00 1.000000000000000000e+00
0.000000000000000000e+00 1.000000000000000000e+00
0.000000000000000000e+00 1.000000000000000000e+00
6.698703737160614544e-283 1.000000000000000000e+00
4.322701000990687485e-212 1.000000000000000000e+00
0.000000000000000000e+00 1.000000000000000000e+00
0.000000000000000000e+00 1.000000000000000000e+00
0.000000000000000000e+00 1.000000000000000000e+00
0.000000000000000000e+00 1.000000000000000000e+00
0.000000000000000000e+00 1.000000000000000000e+00
0.000000000000000000e+00 1.000000000000000000e+00
0.000000000000000000e+00 1.000000000000000000e+00
0.000000000000000000e+00 1.000000000000000000e+00
0.000000000000000000e+00 1.000000000000000000e+00
0.000000000000000000e+00 1.000000000000000000e+00
0.000000000000000000e+00 1.000000000000000000e+00
0.000000000000000000e+00 1.000000000000000000e+00
0.000000000000000000e+00 1.000000000000000000e+00
1.526999405940095283e-311 1.000000000000000000e+00
0.000000000000000000e+00 1.000000000000000000e+00
1.805857413172678801e-288 1.000000000000000000e+00
0.000000000000000000e+00 1.000000000000000000e+00
0.000000000000000000e+00 1.000000000000000000e+00
0.000000000000000000e+00 1.000000000000000000e+00
0.000000000000000000e+00 1.000000000000000000e+00
0.000000000000000000e+00 1.000000000000000000e+00
0.000000000000000000e+00 1.000000000000000000e+00
0.000000000000000000e+00 1.000000000000000000e+00
0.000000000000000000e+00 1.000000000000000000e+00
0.000000000000000000e+00 1.000000000000000000e+00
0.000000000000000000e+00 1.000000000000000000e+00
0.000000000000000000e+00 1.000000000000000000e+00
0.000000000000000000e+00 1.000000000000000000e+00
0.000000000000000000e+00 1.000000000000000000e+00
0.000000000000000000e+00 1.000000000000000000e+00
0.000000000000000000e+00 1.000000000000000000e+00
0.000000000000000000e+00 1.000000000000000000e+00
0.000000000000000000e+00 1.000000000000000000e+00
8.621989805421331988e-303 1.000000000000000000e+00
2.132201971773264556e-156 1.000000000000000000e+00
9.678967742364766102e-167 1.000000000000000000e+00
7.034195164031785885e-178 1.000000000000000000e+00
6.473542022132370882e-244 1.000000000000000000e+00
0.000000000000000000e+00 1.000000000000000000e+00
0.000000000000000000e+00 1.000000000000000000e+00
0.000000000000000000e+00 1.000000000000000000e+00
0.000000000000000000e+00 1.000000000000000000e+00
4.473052503706654171e-251 1.000000000000000000e+00
4.116532728195203350e-317 1.000000000000000000e+00
0.000000000000000000e+00 1.000000000000000000e+00
0.000000000000000000e+00 1.000000000000000000e+00
0.000000000000000000e+00 1.000000000000000000e+00
0.000000000000000000e+00 1.000000000000000000e+00
0.000000000000000000e+00 1.000000000000000000e+00
0.000000000000000000e+00 1.000000000000000000e+00
0.000000000000000000e+00 1.000000000000000000e+00
2.135639990444691500e-265 1.000000000000000000e+00
1.398515596951581102e-50 1.000000000000000000e+00
3.526647927325240775e-87 1.000000000000000000e+00
1.000000000000000000e+00 2.170932481835226321e-38
1.000000000000000000e+00 6.155486017606953791e-48
1.000000000000000000e+00 2.749087121493833336e-93
1.000000000000000000e+00 2.891424457068486397e-97
1.000000000000000000e+00 3.251120687077919863e-70
1.000000000000000000e+00 4.401220961496595818e-94
1.000000000000000000e+00 4.790108148071217880e-137
1.000000000000000000e+00 4.330106968388656363e-129
1.000000000000000000e+00 1.806039234848634471e-96
1.000000000000000000e+00 6.056026982472614355e-83
1.000000000000000000e+00 1.717132601992779936e-92
1.000000000000000000e+00 1.899549116955226859e-100
1.000000000000000000e+00 4.629099539822666050e-98
2.476844132196859171e-59 1.000000000000000000e+00
0.000000000000000000e+00 1.000000000000000000e+00
4.328015057569319727e-321 1.000000000000000000e+00
0.000000000000000000e+00 1.000000000000000000e+00
0.000000000000000000e+00 1.000000000000000000e+00
3.080822038826791151e-40 1.000000000000000000e+00
0.000000000000000000e+00 1.000000000000000000e+00
0.000000000000000000e+00 1.000000000000000000e+00
0.000000000000000000e+00 1.000000000000000000e+00
0.000000000000000000e+00 1.000000000000000000e+00
0.000000000000000000e+00 1.000000000000000000e+00
0.000000000000000000e+00 1.000000000000000000e+00
0.000000000000000000e+00 1.000000000000000000e+00
0.000000000000000000e+00 1.000000000000000000e+00
0.000000000000000000e+00 1.000000000000000000e+00
0.000000000000000000e+00 1.000000000000000000e+00
0.000000000000000000e+00 1.000000000000000000e+00
0.000000000000000000e+00 1.000000000000000000e+00
0.000000000000000000e+00 1.000000000000000000e+00
0.000000000000000000e+00 1.000000000000000000e+00
0.000000000000000000e+00 1.000000000000000000e+00
0.000000000000000000e+00 1.000000000000000000e+00
0.000000000000000000e+00 1.000000000000000000e+00
0.000000000000000000e+00 1.000000000000000000e+00
0.000000000000000000e+00 1.000000000000000000e+00
0.000000000000000000e+00 1.000000000000000000e+00
0.000000000000000000e+00 1.000000000000000000e+00
0.000000000000000000e+00 1.000000000000000000e+00
0.000000000000000000e+00 1.000000000000000000e+00
0.000000000000000000e+00 1.000000000000000000e+00
0.000000000000000000e+00 1.000000000000000000e+00
0.000000000000000000e+00 1.000000000000000000e+00
0.000000000000000000e+00 1.000000000000000000e+00
0.000000000000000000e+00 1.000000000000000000e+00
0.000000000000000000e+00 1.000000000000000000e+00
0.000000000000000000e+00 1.000000000000000000e+00
1.055116711945649295e-318 1.000000000000000000e+00
0.000000000000000000e+00 1.000000000000000000e+00
0.000000000000000000e+00 1.000000000000000000e+00
0.000000000000000000e+00 1.000000000000000000e+00
0.000000000000000000e+00 1.000000000000000000e+00
0.000000000000000000e+00 1.000000000000000000e+00
0.000000000000000000e+00 1.000000000000000000e+00
0.000000000000000000e+00 1.000000000000000000e+00
0.000000000000000000e+00 1.000000000000000000e+00
0.000000000000000000e+00 1.000000000000000000e+00
7.794007355117077005e-295 1.000000000000000000e+00
3.358446716295752465e-192 1.000000000000000000e+00
1.127973214986929534e-287 1.000000000000000000e+00
0.000000000000000000e+00 1.000000000000000000e+00
0.000000000000000000e+00 1.000000000000000000e+00
0.000000000000000000e+00 1.000000000000000000e+00
0.000000000000000000e+00 1.000000000000000000e+00
0.000000000000000000e+00 1.000000000000000000e+00
0.000000000000000000e+00 1.000000000000000000e+00
0.000000000000000000e+00 1.000000000000000000e+00
0.000000000000000000e+00 1.000000000000000000e+00
1.000000000000000000e+00 1.131727630977546885e-313
