0.000000000000000000e+00 1.000000000000000000e+00
1.609764687279949490e-319 1.000000000000000000e+00
8.518476453963580420e-283 1.000000000000000000e+00
1.548409060414872512e-83 1.000000000000000000e+00
2.982749086964417794e-35 1.000000000000000000e+00
1.000000000000000000e+00 2.070401204204461871e-61
1.000000000000000000e+00 9.034856175554645890e-63
1.000000000000000000e+00 1.733749743298093419e-31
9.999999999562589892e-01 4.375074283862534071e-11
5.177859754054646501e-40 1.000000000000000000e+00
9.936088362439494073e-09 9.999999900639124917e-01
4.269910541912201587e-78 1.000000000000000000e+00
6.019458521309582916e-189 1.000000000000000000e+00
7.243646207956627722e-185 1.000000000000000000e+00
6.065814552314419456e-155 1.000000000000000000e+00
5.487285085275509682e-191 1.000000000000000000e+00
3.454283779687604815e-201 1.000000000000000000e+00
1.820918049222068046e-181 1.000000000000000000e+00
1.044939118577022824e-193 1.000000000000000000e+00
3.185339043318961104e-152 1.000000000000000000e+00
1.177475416674210157e-72 1.000000000000000000e+00
1.000000000000000000e+00 8.897291889431823756e-131
1.000000000000000000e+00 6.817979417036520920e-86
8.193773273306447924e-47 1.000000000000000000e+00
3.862666131650144741e-114 1.000000000000000000e+00
8.193773273306447924e-47 1.000000000000000000e+00
1.566329969567994430e-32 1.000000000000000000e+00
1.000000000000000000e+00 6.844181799671038950e-69
1.000000000000000000e+00 2.054578830871612114e-95
1.000000000000000000e+00 1.562388213048347080e-84
7.383911566297760916e-100 1.000000000000000000e+00
2.903726865476801261e-154 1.000000000000000000e+00
5.550793585728268010e-140 1.000000000000000000e+00
9.860155110290038607e-43 1.000000000000000000e+00
1.177475416674210157e-72 1.000000000000000000e+00
6.254836166074890629e-19 1.000000000000000000e+00
1.000000000000000000e+00 1.446280253619201555e-18
8.193773273306447924e-47 1.000000000000000000e+00
1.000000000000000000e+00 1.446280253619201555e-18
1.000000000000000000e+00 5.184678493681725326e-75
1.000000000000000000e+00 1.429732873731405139e-69
1.000000000000000000e+00 4.636525708725700533e-162
1.000000000000000000e+00 4.114639693300338579e-283
1.000000000000000000e+00 2.874284523742857281e-240
1.000000000000000000e+00 3.153041294600674350e-238
1.000000000000000000e+00 4.226615779294434415e-164
1.000000000000000000e+00 3.498864424005272976e-185
1.000000000000000000e+00 3.512311015553089398e-168
1.000000000000000000e+00 5.390137143977115814e-311
1.000000000000000000e+00 5.958424215037599807e-275
1.000000000000000000e+00 3.189533826221464247e-187
1.000000000000000000e+00 5.753330019026250606e-22
9.999999770251977171e-01 2.297481153445630773e-08
4.720091101465224789e-42 1.000000000000000000e+00
1.000000000000000000e+00 3.635679797775182669e-15
1.000000000000000000e+00 1.687817366076772546e-150
1.000000000000000000e+00 2.630241983223035164e-225
1.000000000000000000e+00 1.816335607634484744e-233
1.000000000000000000e+00 3.485469311618456883e-202
1.000000000000000000e+00 0.000000000000000000e+00
1.000000000000000000e+00 2.228051153441586828e-144
1.000000000000000000e+00 0.000000000000000000e+00
1.000000000000000000e+00 0.000000000000000000e+00
1.000000000000000000e+00 1.823316021869003817e-216
1.000000000000000000e+00 1.278573634555028730e-156
1.000000000000000000e+00 1.795554299704678145e-284
1.000000000000000000e+00 7.115403314495664360e-305
1.000000000000000000e+00 1.038319075742317556e-262
1.000000000000000000e+00 1.482196937523739633e-322
1.000000000000000000e+00 6.688464549816878085e-171
1.000000000000000000e+00 9.760178056742180454e-129
1.000000000000000000e+00 2.472422079910482237e-91
1.000000000000000000e+00 2.253838074565033459e-93
2.971329879360170081e-52 1.000000000000000000e+00
8.100025551367178479e-98 1.000000000000000000e+00
3.877510860528901209e-97 1.000000000000000000e+00
3.847878234585253630e-131 1.000000000000000000e+00
6.603243740150470673e-187 1.000000000000000000e+00
3.862666131650144741e-114 1.000000000000000000e+00
8.683427518394126995e-198 1.000000000000000000e+00
2.626782764825077067e-190 1.000000000000000000e+00
2.606708424893559026e-224 1.000000000000000000e+00
1.262282738559468053e-172 1.000000000000000000e+00
1.146280461798236120e-191 1.000000000000000000e+00
1.501616023540117831e-219 1.000000000000000000e+00
8.716799060964859516e-181 1.000000000000000000e+00
4.156787444148369664e-197 1.000000000000000000e+00
1.653577854310948910e-200 1.000000000000000000e+00
7.243646207956627722e-185 1.000000000000000000e+00
1.252636149917068042e-206 1.000000000000000000e+00
2.174495446323448452e-211 1.000000000000000000e+00
7.188288978470673583e-219 1.000000000000000000e+00
5.996413523381822339e-206 1.000000000000000000e+00
1.501616023540117831e-219 1.000000000000000000e+00
3.441059340601177671e-218 1.000000000000000000e+00
3.745936074100995976e-250 1.000000000000000000e+00
1.247840536262658828e-223 1.000000000000000000e+00
7.855242177256706585e-234 1.000000000000000000e+00
7.885430895727903358e-217 1.000000000000000000e+00
1.257450193739229870e-189 1.000000000000000000e+00
8.650183736005613556e-215 1.000000000000000000e+00
7.855242177256706585e-234 1.000000000000000000e+00
1.137520383136562898e-225 1.000000000000000000e+00
2.870504347633998520e-205 1.000000000000000000e+00
5.424503206983922264e-242 1.000000000000000000e+00
3.774783640401514774e-216 1.000000000000000000e+00
3.124830095136656844e-237 1.000000000000000000e+00
1.374120576849915933e-204 1.000000000000000000e+00
1.989868841446758021e-196 1.000000000000000000e+00
1.653577854310948910e-200 1.000000000000000000e+00
2.005192881206001379e-162 1.000000000000000000e+00
3.907371688215635391e-63 1.000000000000000000e+00
4.172762519524949109e-180 1.000000000000000000e+00
2.182852315452308163e-194 1.000000000000000000e+00
2.182852315452308163e-194 1.000000000000000000e+00
1.507386929435004373e-202 1.000000000000000000e+00
3.427885530185615373e-235 1.000000000000000000e+00
2.606708424893559026e-224 1.000000000000000000e+00
1.368859870137937161e-221 1.000000000000000000e+00
1.974661910719154437e-230 1.000000000000000000e+00
9.416587189294431857e-247 1.000000000000000000e+00
3.427885530185615373e-235 1.000000000000000000e+00
7.885430895727903358e-217 1.000000000000000000e+00
2.606708424893559026e-224 1.000000000000000000e+00
7.885430895727903358e-217 1.000000000000000000e+00
3.160996117208905127e-186 1.000000000000000000e+00
1.155108002089843403e-157 1.000000000000000000e+00
4.286320364084471771e-61 1.000000000000000000e+00
1.000000000000000000e+00 6.611939572382579501e-222
1.000000000000000000e+00 1.520995731207128903e-203
1.306620009258580034e-19 1.000000000000000000e+00
1.572349579585000470e-15 1.000000000000000000e+00
9.860155110290038607e-43 1.000000000000000000e+00
2.469170421697562634e-56 1.000000000000000000e+00
3.847878234585253630e-131 1.000000000000000000e+00
3.259498401118396702e-50 1.000000000000000000e+00
8.100025551367178479e-98 1.000000000000000000e+00
1.177475416674210157e-72 1.000000000000000000e+00
2.051876708047970446e-60 1.000000000000000000e+00
4.720091101465224789e-42 1.000000000000000000e+00
1.000000000000000000e+00 6.239095522841362666e-71
1.000000000000000000e+00 5.086189937818997929e-160
1.000000000000000000e+00 1.183557188291364739e-90
1.000000000000000000e+00 3.750869108975559036e-285
1.000000000000000000e+00 3.750869108975559036e-285
1.000000000000000000e+00 1.095601833244676037e-24
1.692075568393166682e-98 1.000000000000000000e+00
8.007350428711026392e-149 1.000000000000000000e+00
8.851572681414228668e-113 1.000000000000000000e+00
3.507691725403219384e-133 1.000000000000000000e+00
5.572126008211565591e-123 1.000000000000000000e+00
8.817685169214525618e-130 1.000000000000000000e+00
9.999999999980957455e-01 1.909203242030952320e-12
1.000000000000000000e+00 4.726307004126676629e-77
1.000000000000000000e+00 4.308459613161918177e-79
1.000000000000000000e+00 4.618775154419756732e-179
1.000000000000000000e+00 7.337131988444723454e-169
1.000000000000000000e+00 4.781008129700942707e-26
1.000000000000000000e+00 2.712205020499794579e-89
9.997236040227365228e-01 2.763959772732694424e-04
2.478659765123040505e-39 1.000000000000000000e+00
1.000000000000000000e+00 5.935612881891576157e-292
1.000000000000000000e+00 3.722191762638783215e-319
1.000000000000000000e+00 1.636811399845435423e-286
1.000000000000000000e+00 2.964393875047479265e-323
1.000000000000000000e+00 2.941202076793053936e-138
1.000000000000000000e+00 5.579463958290889213e-158
1.000000000000000000e+00 2.245209442344760551e-110
1.000000000000000000e+00 2.650497555795514717e-191
1.000000000000000000e+00 4.744470817332225972e-60
1.000000000000000000e+00 6.817979417036520920e-86
1.000000000000000000e+00 2.070401204204461871e-61
1.000000000000000000e+00 5.536824704818876744e-192
1.000000000000000000e+00 3.621760899073710685e-32
1.000000000000000000e+00 4.291965032713831181e-96
1.000000000000000000e+00 1.568392674380385363e-67
1.000000000000000000e+00 9.538116730858024270e-231
1.000000000000000000e+00 0.000000000000000000e+00
1.000000000000000000e+00 5.066717881289322293e-177
1.000000000000000000e+00 1.809381917337280318e-250
1.000000000000000000e+00 3.201791620002984868e-170
1.000000000000000000e+00 4.226615779294434415e-164
1.000000000000000000e+00 4.259165074453940060e-130
1.000000000000000000e+00 3.823500624174661951e-200
1.000000000000000000e+00 1.687817366076772546e-150
1.000000000000000000e+00 1.649416533634744736e-252
9.999999999999147349e-01 8.331417440568789526e-14
1.000000000000000000e+00 3.288925396101854720e-51
1.000000000000000000e+00 3.301565164633526649e-34
1.000000000000000000e+00 1.887359404196173242e-63
1.000000000000000000e+00 2.670909117141064056e-157
1.000000000000000000e+00 7.142748735887693228e-288
1.000000000000000000e+00 0.000000000000000000e+00
1.000000000000000000e+00 2.610141207332418774e-259
1.000000000000000000e+00 3.201791620002984868e-170
1.000000000000000000e+00 2.620172319840804822e-242
3.937462475033938159e-29 1.000000000000000000e+00
3.922388226367334261e-46 1.000000000000000000e+00
3.521172241418057439e-116 1.000000000000000000e+00
2.657184508457863559e-139 1.000000000000000000e+00
8.162404091604235722e-64 1.000000000000000000e+00
6.809012607143071384e-51 1.000000000000000000e+00
5.572126008211565591e-123 1.000000000000000000e+00
1.000000000000000000e+00 2.086345426109935541e-27
1.000000000000000000e+00 1.156629167411686572e-192
1.000000000000000000e+00 3.882617166652305629e-132
1.000000000000000000e+00 0.000000000000000000e+00
1.000000000000000000e+00 0.000000000000000000e+00
1.000000000000000000e+00 7.422050166189937383e-118
1.000000000000000000e+00 9.873139979241690418e-78
1.000000000000000000e+00 3.276334017882123459e-68
1.000000000000000000e+00 1.887359404196173242e-63
1.000000000000000000e+00 2.481923919882978729e-74
1.000000000000000000e+00 1.568392674380385363e-67
1.000000000000000000e+00 4.259165074453940060e-130
1.000000000000000000e+00 2.907550792424288308e-189
1.000000000000000000e+00 0.000000000000000000e+00
1.000000000000000000e+00 0.000000000000000000e+00
1.000000000000000000e+00 6.561409957080577987e-256
1.000000000000000000e+00 0.000000000000000000e+00
1.000000000000000000e+00 0.000000000000000000e+00
1.000000000000000000e+00 0.000000000000000000e+00
1.000000000000000000e+00 0.000000000000000000e+00
1.000000000000000000e+00 1.969692564149622837e-282
1.000000000000000000e+00 1.197255390783188117e-39
1.000000000000000000e+00 1.313368824880701504e-37
4.630427883832491134e-127 1.000000000000000000e+00
2.687938114464463842e-88 1.000000000000000000e+00
1.507386929435004373e-202 1.000000000000000000e+00
6.065814552314419456e-155 1.000000000000000000e+00
6.603243740150470673e-187 1.000000000000000000e+00
3.760332194170717679e-233 1.000000000000000000e+00
1.036953508439950102e-227 1.000000000000000000e+00
4.156787444148369664e-197 1.000000000000000000e+00
1.040938655788622389e-210 1.000000000000000000e+00
7.915735633371728008e-200 1.000000000000000000e+00
3.467559042014727305e-184 1.000000000000000000e+00
1.052986226137851169e-159 1.000000000000000000e+00
3.160996117208905127e-186 1.000000000000000000e+00
1.513180013672725951e-185 1.000000000000000000e+00
7.160769210035262266e-236 1.000000000000000000e+00
9.489104610279248220e-213 1.000000000000000000e+00
2.166170570776855748e-228 1.000000000000000000e+00
1.501616023540117831e-219 1.000000000000000000e+00
1.257450193739229870e-189 1.000000000000000000e+00
5.996413523381822339e-206 1.000000000000000000e+00
1.640940918970078048e-234 1.000000000000000000e+00
1.247840536262658828e-223 1.000000000000000000e+00
1.501616023540117831e-219 1.000000000000000000e+00
4.559925211300353021e-195 1.000000000000000000e+00
3.414762154608767743e-252 1.000000000000000000e+00
7.188288978470673583e-219 1.000000000000000000e+00
1.368859870137937161e-221 1.000000000000000000e+00
3.148894505624213425e-203 1.000000000000000000e+00
3.148894505624213425e-203 1.000000000000000000e+00
9.598929194763712303e-162 1.000000000000000000e+00
1.834940993852084397e-147 1.000000000000000000e+00
5.118618115279381595e-91 1.000000000000000000e+00
2.233672314102451706e-92 1.000000000000000000e+00
5.658278687712301180e-55 1.000000000000000000e+00
1.572349579585000470e-15 1.000000000000000000e+00
9.022973793284846324e-28 1.000000000000000000e+00
1.000000000000000000e+00 3.288925396101854720e-51
1.000000000000000000e+00 1.544512402859533154e-135
1.000000000000000000e+00 1.095601833244676037e-24
6.705338908270335381e-119 1.000000000000000000e+00
5.615037118087162618e-89 1.000000000000000000e+00
7.526893011290634590e-15 1.000000000000000000e+00
1.000000000000000000e+00 6.287142984999680494e-37
1.000000000000000000e+00 1.074789695618233822e-109
1.000000000000000000e+00 4.226615779294434415e-164
1.000000000000000000e+00 1.429732873731405139e-69
1.000000000000000000e+00 2.023295912286448023e-163
1.000000000000000000e+00 5.164829381885368859e-92
1.000000000000000000e+00 6.561409957080577987e-256
1.000000000000000000e+00 0.000000000000000000e+00
1.000000000000000000e+00 1.497837123264827015e-271
6.835180529159645968e-34 1.000000000000000000e+00
1.718237368020681201e-30 1.000000000000000000e+00
6.809012607143071384e-51 1.000000000000000000e+00
3.209869435036135908e-118 1.000000000000000000e+00
3.877510860528901209e-97 1.000000000000000000e+00
1.849071929600196739e-113 1.000000000000000000e+00
6.183272477147450585e-70 1.000000000000000000e+00
8.131155004217320718e-81 1.000000000000000000e+00
2.242256607637738826e-75 1.000000000000000000e+00
4.756440438676293122e-08 9.999999524355882574e-01
8.225263010858336917e-30 1.000000000000000000e+00
1.000000000000000000e+00 1.298342129450924916e-88
1.000000000000000000e+00 1.288419968545964731e-122
1.000000000000000000e+00 1.402573556876006491e-154
1.000000000000000000e+00 4.744470817332225972e-60
1.000000000000000000e+00 1.894612772128362213e-46
1.000000000000000000e+00 2.986677078519994084e-70
1.000000000000000000e+00 6.923394692048775235e-18
3.937462475033938159e-29 1.000000000000000000e+00
2.268207939229592831e-24 1.000000000000000000e+00
1.884877203540689974e-28 1.000000000000000000e+00
1.081642265304620325e-40 1.000000000000000000e+00
9.784802055549731848e-77 1.000000000000000000e+00
4.237279127985847981e-112 1.000000000000000000e+00
7.412288899862330645e-83 1.000000000000000000e+00
3.507691725403219384e-133 1.000000000000000000e+00
1.276892091385921474e-121 1.000000000000000000e+00
1.281799353949656078e-104 1.000000000000000000e+00
2.431574951465792035e-124 1.000000000000000000e+00
2.216602193980221506e-126 1.000000000000000000e+00
5.079500727497838394e-125 1.000000000000000000e+00
3.222205381213021927e-101 1.000000000000000000e+00
5.060054280059941017e-142 1.000000000000000000e+00
3.209869435036135908e-118 1.000000000000000000e+00
3.209869435036135908e-118 1.000000000000000000e+00
7.355642873005569673e-117 1.000000000000000000e+00
7.976694951418274307e-166 1.000000000000000000e+00
9.635819129478772561e-145 1.000000000000000000e+00
9.747341752057524784e-94 1.000000000000000000e+00
3.234588736037256627e-84 1.000000000000000000e+00
2.028400494993117613e-111 1.000000000000000000e+00
1.705106293204810910e-64 1.000000000000000000e+00
1.000000000000000000e+00 2.501037290591397284e-40
1.000000000000000000e+00 3.314253509436905168e-17
1.000000000000000000e+00 1.586544869011991358e-16
9.937043261601683497e-01 6.295673839837749586e-03
1.000000000000000000e+00 6.923394692048775235e-18
1.000000000000000000e+00 4.178257643477239809e-215
1.000000000000000000e+00 0.000000000000000000e+00
1.000000000000000000e+00 0.000000000000000000e+00
1.000000000000000000e+00 3.153041294600674350e-238
1.000000000000000000e+00 1.066575962075267690e-143
1.000000000000000000e+00 1.681355697213039479e-167
1.000000000000000000e+00 4.565930191004393595e-230
1.000000000000000000e+00 0.000000000000000000e+00
1.000000000000000000e+00 0.000000000000000000e+00
1.000000000000000000e+00 0.000000000000000000e+00
1.000000000000000000e+00 0.000000000000000000e+00
1.000000000000000000e+00 0.000000000000000000e+00
1.000000000000000000e+00 1.381218039274250026e-222
1.000000000000000000e+00 3.105033239308481627e-306
1.000000000000000000e+00 0.000000000000000000e+00
1.000000000000000000e+00 0.000000000000000000e+00
1.000000000000000000e+00 0.000000000000000000e+00
1.000000000000000000e+00 0.000000000000000000e+00
1.000000000000000000e+00 0.000000000000000000e+00
1.000000000000000000e+00 0.000000000000000000e+00
1.000000000000000000e+00 0.000000000000000000e+00
1.000000000000000000e+00 0.000000000000000000e+00
1.000000000000000000e+00 0.000000000000000000e+00
1.000000000000000000e+00 0.000000000000000000e+00
1.000000000000000000e+00 2.600148498101940021e-276
1.000000000000000000e+00 2.885330773411124631e-223
1.000000000000000000e+00 0.000000000000000000e+00
1.000000000000000000e+00 0.000000000000000000e+00
1.000000000000000000e+00 0.000000000000000000e+00
1.000000000000000000e+00 1.397203920288709475e-171
1.000000000000000000e+00 1.365415058111597389e-273
1.000000000000000000e+00 0.000000000000000000e+00
1.000000000000000000e+00 0.000000000000000000e+00
1.000000000000000000e+00 0.000000000000000000e+00
1.000000000000000000e+00 0.000000000000000000e+00
1.000000000000000000e+00 0.000000000000000000e+00
1.000000000000000000e+00 0.000000000000000000e+00
1.000000000000000000e+00 3.808862669011732336e-217
1.000000000000000000e+00 0.000000000000000000e+00
1.000000000000000000e+00 0.000000000000000000e+00
1.000000000000000000e+00 0.000000000000000000e+00
1.000000000000000000e+00 0.000000000000000000e+00
1.000000000000000000e+00 0.000000000000000000e+00
1.000000000000000000e+00 1.046315202154291332e-228
1.000000000000000000e+00 1.038319075742317556e-262
1.000000000000000000e+00 4.970470114392758374e-262
1.000000000000000000e+00 0.000000000000000000e+00
1.000000000000000000e+00 5.981323215107031232e-258
1.000000000000000000e+00 1.655755456132731469e-235
1.000000000000000000e+00 1.687817366076772546e-150
1.000000000000000000e+00 1.662118739936832063e-218
1.000000000000000000e+00 0.000000000000000000e+00
1.000000000000000000e+00 0.000000000000000000e+00
1.000000000000000000e+00 2.929941928471594259e-155
1.000000000000000000e+00 1.130313806669440266e-294
1.000000000000000000e+00 7.393635462419730005e-135
1.000000000000000000e+00 0.000000000000000000e+00
1.000000000000000000e+00 0.000000000000000000e+00
1.000000000000000000e+00 1.687817366076772546e-150
1.000000000000000000e+00 2.070401204204461871e-61
1.000000000000000000e+00 3.852945517411302463e-166
1.000000000000000000e+00 6.817979417036520920e-86
5.217707383046149985e-06 9.999947822926157359e-01
1.000000000000000000e+00 2.271194949324944943e-59
5.550793585728268010e-140 1.000000000000000000e+00
0.000000000000000000e+00 1.000000000000000000e+00
0.000000000000000000e+00 1.000000000000000000e+00
0.000000000000000000e+00 1.000000000000000000e+00
0.000000000000000000e+00 1.000000000000000000e+00
0.000000000000000000e+00 1.000000000000000000e+00
0.000000000000000000e+00 1.000000000000000000e+00
0.000000000000000000e+00 1.000000000000000000e+00
0.000000000000000000e+00 1.000000000000000000e+00
0.000000000000000000e+00 1.000000000000000000e+00
0.000000000000000000e+00 1.000000000000000000e+00
0.000000000000000000e+00 1.000000000000000000e+00
0.000000000000000000e+00 1.000000000000000000e+00
0.000000000000000000e+00 1.000000000000000000e+00
0.000000000000000000e+00 1.000000000000000000e+00
0.000000000000000000e+00 1.000000000000000000e+00
0.000000000000000000e+00 1.000000000000000000e+00
0.000000000000000000e+00 1.000000000000000000e+00
0.000000000000000000e+00 1.000000000000000000e+00
0.000000000000000000e+00 1.000000000000000000e+00
0.000000000000000000e+00 1.000000000000000000e+00
0.000000000000000000e+00 1.000000000000000000e+00
0.000000000000000000e+00 1.000000000000000000e+00
0.000000000000000000e+00 1.000000000000000000e+00
0.000000000000000000e+00 1.000000000000000000e+00
0.000000000000000000e+00 1.000000000000000000e+00
0.000000000000000000e+00 1.000000000000000000e+00
0.000000000000000000e+00 1.000000000000000000e+00
0.000000000000000000e+00 1.000000000000000000e+00
0.000000000000000000e+00 1.000000000000000000e+00
0.000000000000000000e+00 1.000000000000000000e+00
0.000000000000000000e+00 1.000000000000000000e+00
1.032983617898174750e-244 1.000000000000000000e+00
0.000000000000000000e+00 1.000000000000000000e+00
0.000000000000000000e+00 1.000000000000000000e+00
0.000000000000000000e+00 1.000000000000000000e+00
0.000000000000000000e+00 1.000000000000000000e+00
0.000000000000000000e+00 1.000000000000000000e+00
0.000000000000000000e+00 1.000000000000000000e+00
0.000000000000000000e+00 1.000000000000000000e+00
0.000000000000000000e+00 1.000000000000000000e+00
0.000000000000000000e+00 1.000000000000000000e+00
0.000000000000000000e+00 1.000000000000000000e+00
0.000000000000000000e+00 1.000000000000000000e+00
0.000000000000000000e+00 1.000000000000000000e+00
0.000000000000000000e+00 1.000000000000000000e+00
0.000000000000000000e+00 1.000000000000000000e+00
0.000000000000000000e+00 1.000000000000000000e+00
0.000000000000000000e+00 1.000000000000000000e+00
0.000000000000000000e+00 1.000000000000000000e+00
0.000000000000000000e+00 1.000000000000000000e+00
0.000000000000000000e+00 1.000000000000000000e+00
0.000000000000000000e+00 1.000000000000000000e+00
2.125021826150118144e-313 1.000000000000000000e+00
2.805195293054476127e-307 1.000000000000000000e+00
0.000000000000000000e+00 1.000000000000000000e+00
0.000000000000000000e+00 1.000000000000000000e+00
0.000000000000000000e+00 1.000000000000000000e+00
0.000000000000000000e+00 1.000000000000000000e+00
0.000000000000000000e+00 1.000000000000000000e+00
0.000000000000000000e+00 1.000000000000000000e+00
3.760332194170717679e-233 1.000000000000000000e+00
0.000000000000000000e+00 1.000000000000000000e+00
0.000000000000000000e+00 1.000000000000000000e+00
0.000000000000000000e+00 1.000000000000000000e+00
0.000000000000000000e+00 1.000000000000000000e+00
0.000000000000000000e+00 1.000000000000000000e+00
0.000000000000000000e+00 1.000000000000000000e+00
0.000000000000000000e+00 1.000000000000000000e+00
0.000000000000000000e+00 1.000000000000000000e+00
0.000000000000000000e+00 1.000000000000000000e+00
0.000000000000000000e+00 1.000000000000000000e+00
0.000000000000000000e+00 1.000000000000000000e+00
0.000000000000000000e+00 1.000000000000000000e+00
0.000000000000000000e+00 1.000000000000000000e+00
0.000000000000000000e+00 1.000000000000000000e+00
0.000000000000000000e+00 1.000000000000000000e+00
0.000000000000000000e+00 1.000000000000000000e+00
0.000000000000000000e+00 1.000000000000000000e+00
0.000000000000000000e+00 1.000000000000000000e+00
0.000000000000000000e+00 1.000000000000000000e+00
0.000000000000000000e+00 1.000000000000000000e+00
0.000000000000000000e+00 1.000000000000000000e+00
0.000000000000000000e+00 1.000000000000000000e+00
0.000000000000000000e+00 1.000000000000000000e+00
0.000000000000000000e+00 1.000000000000000000e+00
0.000000000000000000e+00 1.000000000000000000e+00
0.000000000000000000e+00 1.000000000000000000e+00
0.000000000000000000e+00 1.000000000000000000e+00
0.000000000000000000e+00 1.000000000000000000e+00
0.000000000000000000e+00 1.000000000000000000e+00
0.000000000000000000e+00 1.000000000000000000e+00
0.000000000000000000e+00 1.000000000000000000e+00
0.000000000000000000e+00 1.000000000000000000e+00
0.000000000000000000e+00 1.000000000000000000e+00
0.000000000000000000e+00 1.000000000000000000e+00
0.000000000000000000e+00 1.000000000000000000e+00
0.000000000000000000e+00 1.000000000000000000e+00
0.000000000000000000e+00 1.000000000000000000e+00
0.000000000000000000e+00 1.000000000000000000e+00
0.000000000000000000e+00 1.000000000000000000e+00
0.000000000000000000e+00 1.000000000000000000e+00
0.000000000000000000e+00 1.000000000000000000e+00
0.000000000000000000e+00 1.000000000000000000e+00
0.000000000000000000e+00 1.000000000000000000e+00
0.000000000000000000e+00 1.000000000000000000e+00
0.000000000000000000e+00 1.000000000000000000e+00
0.000000000000000000e+00 1.000000000000000000e+00
0.000000000000000000e+00 1.000000000000000000e+00
0.000000000000000000e+00 1.000000000000000000e+00
0.000000000000000000e+00 1.000000000000000000e+00
0.000000000000000000e+00 1.000000000000000000e+00
0.000000000000000000e+00 1.000000000000000000e+00
0.000000000000000000e+00 1.000000000000000000e+00
0.000000000000000000e+00 1.000000000000000000e+00
0.000000000000000000e+00 1.000000000000000000e+00
0.000000000000000000e+00 1.000000000000000000e+00
0.000000000000000000e+00 1.000000000000000000e+00
0.000000000000000000e+00 1.000000000000000000e+00
0.000000000000000000e+00 1.000000000000000000e+00
0.000000000000000000e+00 1.000000000000000000e+00
0.000000000000000000e+00 1.000000000000000000e+00
0.000000000000000000e+00 1.000000000000000000e+00
0.000000000000000000e+00 1.000000000000000000e+00
0.000000000000000000e+00 1.000000000000000000e+00
0.000000000000000000e+00 1.000000000000000000e+00
0.000000000000000000e+00 1.000000000000000000e+00
0.000000000000000000e+00 1.000000000000000000e+00
0.000000000000000000e+00 1.000000000000000000e+00
0.000000000000000000e+00 1.000000000000000000e+00
0.000000000000000000e+00 1.000000000000000000e+00
0.000000000000000000e+00 1.000000000000000000e+00
0.000000000000000000e+00 1.000000000000000000e+00
0.000000000000000000e+00 1.000000000000000000e+00
0.000000000000000000e+00 1.000000000000000000e+00
0.000000000000000000e+00 1.000000000000000000e+00
0.000000000000000000e+00 1.000000000000000000e+00
0.000000000000000000e+00 1.000000000000000000e+00
0.000000000000000000e+00 1.000000000000000000e+00
0.000000000000000000e+00 1.000000000000000000e+00
0.000000000000000000e+00 1.000000000000000000e+00
0.000000000000000000e+00 1.000000000000000000e+00
0.000000000000000000e+00 1.000000000000000000e+00
0.000000000000000000e+00 1.000000000000000000e+00
0.000000000000000000e+00 1.000000000000000000e+00
0.000000000000000000e+00 1.000000000000000000e+00
0.000000000000000000e+00 1.000000000000000000e+00
0.000000000000000000e+00 1.000000000000000000e+00
0.000000000000000000e+00 1.000000000000000000e+00
0.000000000000000000e+00 1.000000000000000000e+00
0.000000000000000000e+00 1.000000000000000000e+00
0.000000000000000000e+00 1.000000000000000000e+00
0.000000000000000000e+00 1.000000000000000000e+00
0.000000000000000000e+00 1.000000000000000000e+00
0.000000000000000000e+00 1.000000000000000000e+00
0.000000000000000000e+00 1.000000000000000000e+00
0.000000000000000000e+00 1.000000000000000000e+00
0.000000000000000000e+00 1.000000000000000000e+00
0.000000000000000000e+00 1.000000000000000000e+00
0.000000000000000000e+00 1.000000000000000000e+00
0.000000000000000000e+00 1.000000000000000000e+00
0.000000000000000000e+00 1.000000000000000000e+00
0.000000000000000000e+00 1.000000000000000000e+00
0.000000000000000000e+00 1.000000000000000000e+00
0.000000000000000000e+00 1.000000000000000000e+00
0.000000000000000000e+00 1.000000000000000000e+00
0.000000000000000000e+00 1.000000000000000000e+00
0.000000000000000000e+00 1.000000000000000000e+00
0.000000000000000000e+00 1.000000000000000000e+00
0.000000000000000000e+00 1.000000000000000000e+00
0.000000000000000000e+00 1.000000000000000000e+00
0.000000000000000000e+00 1.000000000000000000e+00
0.000000000000000000e+00 1.000000000000000000e+00
0.000000000000000000e+00 1.000000000000000000e+00
0.000000000000000000e+00 1.000000000000000000e+00
0.000000000000000000e+00 1.000000000000000000e+00
0.000000000000000000e+00 1.000000000000000000e+00
0.000000000000000000e+00 1.000000000000000000e+00
0.000000000000000000e+00 1.000000000000000000e+00
0.000000000000000000e+00 1.000000000000000000e+00
0.000000000000000000e+00 1.000000000000000000e+00
0.000000000000000000e+00 1.000000000000000000e+00
0.000000000000000000e+00 1.000000000000000000e+00
0.000000000000000000e+00 1.000000000000000000e+00
0.000000000000000000e+00 1.000000000000000000e+00
0.000000000000000000e+00 1.000000000000000000e+00
0.000000000000000000e+00 1.000000000000000000e+00
0.000000000000000000e+00 1.000000000000000000e+00
0.000000000000000000e+00 1.000000000000000000e+00
0.000000000000000000e+00 1.000000000000000000e+00
0.000000000000000000e+00 1.000000000000000000e+00
0.000000000000000000e+00 1.000000000000000000e+00
0.000000000000000000e+00 1.000000000000000000e+00
0.000000000000000000e+00 1.000000000000000000e+00
0.000000000000000000e+00 1.000000000000000000e+00
0.000000000000000000e+00 1.000000000000000000e+00
0.000000000000000000e+00 1.000000000000000000e+00
0.000000000000000000e+00 1.000000000000000000e+00
0.000000000000000000e+00 1.000000000000000000e+00
0.000000000000000000e+00 1.000000000000000000e+00
0.000000000000000000e+00 1.000000000000000000e+00
0.000000000000000000e+00 1.000000000000000000e+00
0.000000000000000000e+00 1.000000000000000000e+00
0.000000000000000000e+00 1.000000000000000000e+00
0.000000000000000000e+00 1.000000000000000000e+00
0.000000000000000000e+00 1.000000000000000000e+00
0.000000000000000000e+00 1.000000000000000000e+00
0.000000000000000000e+00 1.000000000000000000e+00
0.000000000000000000e+00 1.000000000000000000e+00
0.000000000000000000e+00 1.000000000000000000e+00
0.000000000000000000e+00 1.000000000000000000e+00
0.000000000000000000e+00 1.000000000000000000e+00
0.000000000000000000e+00 1.000000000000000000e+00
0.000000000000000000e+00 1.000000000000000000e+00
0.000000000000000000e+00 1.000000000000000000e+00
0.000000000000000000e+00 1.000000000000000000e+00
0.000000000000000000e+00 1.000000000000000000e+00
0.000000000000000000e+00 1.000000000000000000e+00
0.000000000000000000e+00 1.000000000000000000e+00
0.000000000000000000e+00 1.000000000000000000e+00
0.000000000000000000e+00 1.000000000000000000e+00
0.000000000000000000e+00 1.000000000000000000e+00
0.000000000000000000e+00 1.000000000000000000e+00
0.000000000000000000e+00 1.000000000000000000e+00
0.000000000000000000e+00 1.000000000000000000e+00
0.000000000000000000e+00 1.000000000000000000e+00
0.000000000000000000e+00 1.000000000000000000e+00
0.000000000000000000e+00 1.000000000000000000e+00
0.000000000000000000e+00 1.000000000000000000e+00
0.000000000000000000e+00 1.000000000000000000e+00
0.000000000000000000e+00 1.000000000000000000e+00
0.000000000000000000e+00 1.000000000000000000e+00
0.000000000000000000e+00 1.000000000000000000e+00
0.000000000000000000e+00 1.000000000000000000e+00
0.000000000000000000e+00 1.000000000000000000e+00
0.000000000000000000e+00 1.000000000000000000e+00
0.000000000000000000e+00 1.000000000000000000e+00
0.000000000000000000e+00 1.000000000000000000e+00
0.000000000000000000e+00 1.000000000000000000e+00
0.000000000000000000e+00 1.000000000000000000e+00
0.000000000000000000e+00 1.000000000000000000e+00
0.000000000000000000e+00 1.000000000000000000e+00
0.000000000000000000e+00 1.000000000000000000e+00
0.000000000000000000e+00 1.000000000000000000e+00
0.000000000000000000e+00 1.000000000000000000e+00
0.000000000000000000e+00 1.000000000000000000e+00
0.000000000000000000e+00 1.000000000000000000e+00
0.000000000000000000e+00 1.000000000000000000e+00
0.000000000000000000e+00 1.000000000000000000e+00
0.000000000000000000e+00 1.000000000000000000e+00
0.000000000000000000e+00 1.000000000000000000e+00
0.000000000000000000e+00 1.000000000000000000e+00
0.000000000000000000e+00 1.000000000000000000e+00
0.000000000000000000e+00 1.000000000000000000e+00
0.000000000000000000e+00 1.000000000000000000e+00
0.000000000000000000e+00 1.000000000000000000e+00
0.000000000000000000e+00 1.000000000000000000e+00
0.000000000000000000e+00 1.000000000000000000e+00
0.000000000000000000e+00 1.000000000000000000e+00
0.000000000000000000e+00 1.000000000000000000e+00
0.000000000000000000e+00 1.000000000000000000e+00
0.000000000000000000e+00 1.000000000000000000e+00
0.000000000000000000e+00 1.000000000000000000e+00
0.000000000000000000e+00 1.000000000000000000e+00
0.000000000000000000e+00 1.000000000000000000e+00
0.000000000000000000e+00 1.000000000000000000e+00
0.000000000000000000e+00 1.000000000000000000e+00
0.000000000000000000e+00 1.000000000000000000e+00
0.000000000000000000e+00 1.000000000000000000e+00
0.000000000000000000e+00 1.000000000000000000e+00
0.000000000000000000e+00 1.000000000000000000e+00
0.000000000000000000e+00 1.000000000000000000e+00
0.000000000000000000e+00 1.000000000000000000e+00
0.000000000000000000e+00 1.000000000000000000e+00
0.000000000000000000e+00 1.000000000000000000e+00
0.000000000000000000e+00 1.000000000000000000e+00
0.000000000000000000e+00 1.000000000000000000e+00
1.000000000000000000e+00 3.226448713507733227e-136
1.841992911008230724e-130 1.000000000000000000e+00
0.000000000000000000e+00 1.000000000000000000e+00
1.077501287560496030e-57 1.000000000000000000e+00
1.000000000000000000e+00 0.000000000000000000e+00
0.000000000000000000e+00 1.000000000000000000e+00
0.000000000000000000e+00 1.000000000000000000e+00
0.000000000000000000e+00 1.000000000000000000e+00
0.000000000000000000e+00 1.000000000000000000e+00
1.000000000000000000e+00 3.635679797775182669e-15
0.000000000000000000e+00 1.000000000000000000e+00
0.000000000000000000e+00 1.000000000000000000e+00
0.000000000000000000e+00 1.000000000000000000e+00
0.000000000000000000e+00 1.000000000000000000e+00
0.000000000000000000e+00 1.000000000000000000e+00
0.000000000000000000e+00 1.000000000000000000e+00
0.000000000000000000e+00 1.000000000000000000e+00
0.000000000000000000e+00 1.000000000000000000e+00
0.000000000000000000e+00 1.000000000000000000e+00
3.160996117208905127e-186 1.000000000000000000e+00
1.000000000000000000e+00 0.000000000000000000e+00
0.000000000000000000e+00 1.000000000000000000e+00
0.000000000000000000e+00 1.000000000000000000e+00
1.952069138188227455e-281 1.000000000000000000e+00
0.000000000000000000e+00 1.000000000000000000e+00
0.000000000000000000e+00 1.000000000000000000e+00
6.019458521309582916e-189 1.000000000000000000e+00
2.141386683112821342e-279 1.000000000000000000e+00
0.000000000000000000e+00 1.000000000000000000e+00
0.000000000000000000e+00 1.000000000000000000e+00
0.000000000000000000e+00 1.000000000000000000e+00
0.000000000000000000e+00 1.000000000000000000e+00
0.000000000000000000e+00 1.000000000000000000e+00
0.000000000000000000e+00 1.000000000000000000e+00
3.745936074100995976e-250 1.000000000000000000e+00
1.000000000000000000e+00 9.685589044383001831e-163
2.805195293054476127e-307 1.000000000000000000e+00
0.000000000000000000e+00 1.000000000000000000e+00
0.000000000000000000e+00 1.000000000000000000e+00
0.000000000000000000e+00 1.000000000000000000e+00
0.000000000000000000e+00 1.000000000000000000e+00
0.000000000000000000e+00 1.000000000000000000e+00
0.000000000000000000e+00 1.000000000000000000e+00
0.000000000000000000e+00 1.000000000000000000e+00
0.000000000000000000e+00 1.000000000000000000e+00
5.341909981728090449e-310 1.000000000000000000e+00
6.042592084164932512e-172 1.000000000000000000e+00
1.000000000000000000e+00 2.086345426109935541e-27
2.667396414501299508e-122 1.000000000000000000e+00
4.738231026141040502e-25 1.000000000000000000e+00
5.197758943267856746e-23 1.000000000000000000e+00
4.684019327831991960e-76 1.000000000000000000e+00
1.000000000000000000e+00 9.722812024192455482e-146
1.000000000000000000e+00 2.885330773411124631e-223
1.000000000000000000e+00 1.074789695618233822e-109
1.000000000000000000e+00 9.760178056742180454e-129
8.225263010858336917e-30 1.000000000000000000e+00
3.534704564812759681e-99 1.000000000000000000e+00
5.593540413974569192e-106 1.000000000000000000e+00
2.719047655213043511e-37 1.000000000000000000e+00
4.666086948144662968e-93 1.000000000000000000e+00
1.000000000000000000e+00 1.887359404196173242e-63
1.000000000000000000e+00 2.722628377531212938e-72
9.999998900187623274e-01 1.099812252782919398e-07
9.999999952006248805e-01 4.799382143418214740e-09
1.000000000000000000e+00 4.341639190148064395e-45
1.000000000000000000e+00 0.000000000000000000e+00
1.000000000000000000e+00 2.279923447231937441e-42
6.230890044350096464e-36 1.000000000000000000e+00
7.946156836075331575e-183 1.000000000000000000e+00
2.440919810605213293e-107 1.000000000000000000e+00
2.667396414501299508e-122 1.000000000000000000e+00
1.052986226137851169e-159 1.000000000000000000e+00
6.065814552314419456e-155 1.000000000000000000e+00
2.937333892645543443e-103 1.000000000000000000e+00
2.036195902202288216e-94 1.000000000000000000e+00
4.702020623987198817e-59 1.000000000000000000e+00
9.999999999999147349e-01 8.331417440568789526e-14
1.000000000000000000e+00 5.431646752138794924e-277
1.000000000000000000e+00 0.000000000000000000e+00
1.000000000000000000e+00 2.144206682032647723e-314
1.000000000000000000e+00 1.630545003094957030e-303
1.000000000000000000e+00 4.940656458412465442e-324
1.000000000000000000e+00 0.000000000000000000e+00
1.000000000000000000e+00 0.000000000000000000e+00
1.000000000000000000e+00 3.736509217543856327e-302
1.000000000000000000e+00 9.648508569683499341e-180
1.000000000000000000e+00 0.000000000000000000e+00
1.000000000000000000e+00 1.851506978178152269e-148
1.000000000000000000e+00 5.731303872007076662e-39
1.000000000000000000e+00 8.110692500224784880e-133
1.000000000000000000e+00 8.204563678834569605e-82
1.000000000000000000e+00 2.054578830871612114e-95
1.000000000000000000e+00 0.000000000000000000e+00
1.000000000000000000e+00 1.865765489069498159e-114
5.158036747240016369e-57 1.000000000000000000e+00
3.561925430910529366e-65 1.000000000000000000e+00
3.561925430910529366e-65 1.000000000000000000e+00
5.658278687712301180e-55 1.000000000000000000e+00
2.937333892645543443e-103 1.000000000000000000e+00
5.099021910165245765e-108 1.000000000000000000e+00
8.783927392537956999e-147 1.000000000000000000e+00
5.060054280059941017e-142 1.000000000000000000e+00
2.005192881206001379e-162 1.000000000000000000e+00
3.833146951760081406e-148 1.000000000000000000e+00
4.221057056118478460e-129 1.000000000000000000e+00
1.384702720715089569e-170 1.000000000000000000e+00
4.269910541912201587e-78 1.000000000000000000e+00
1.306620009258580034e-19 1.000000000000000000e+00
1.000000000000000000e+00 1.894612772128362213e-46
5.907923240892714450e-02 9.409207675910757906e-01
1.000000000000000000e+00 7.536805200122502498e-50
1.000000000000000000e+00 1.865765489069498159e-114
1.000000000000000000e+00 1.273678721391738588e-173
2.971329879360170081e-52 1.000000000000000000e+00
4.188798989198117207e-163 1.000000000000000000e+00
1.672715961457377590e-149 1.000000000000000000e+00
7.976694951418274307e-166 1.000000000000000000e+00
4.983010136656364723e-210 1.000000000000000000e+00
5.996413523381822339e-206 1.000000000000000000e+00
1.827916074376156771e-164 1.000000000000000000e+00
6.065814552314419456e-155 1.000000000000000000e+00
4.188798989198117207e-163 1.000000000000000000e+00
2.937333892645543443e-103 1.000000000000000000e+00
1.536575843656642676e-117 1.000000000000000000e+00
1.000000000000000000e+00 8.173153186959331470e-99
1.000000000000000000e+00 6.765875208692636563e-120
1.000000000000000000e+00 3.009677568476260569e-36
3.877510860528901209e-97 1.000000000000000000e+00
2.698268210618814783e-71 1.000000000000000000e+00
1.406112116253201307e-102 1.000000000000000000e+00
3.877510860528901209e-97 1.000000000000000000e+00
9.822406323865726313e-60 1.000000000000000000e+00
1.191103230222781998e-21 1.000000000000000000e+00
1.000000000000000000e+00 2.271194949324944943e-59
9.705641935242897977e-01 2.943580647572102693e-02
1.000000000000000000e+00 1.894612772128362213e-46
8.988430086137803839e-45 1.000000000000000000e+00
2.268207939229592831e-24 1.000000000000000000e+00
1.000000000000000000e+00 4.358324674852884352e-28
1.000000000000000000e+00 2.202559269172835550e-195
1.000000000000000000e+00 1.674918766312870403e-184
1.000000000000000000e+00 1.424259259951070579e-86
4.738231026141040502e-25 1.000000000000000000e+00
1.000000000000000000e+00 7.507951166231781076e-67
1.000000000000000000e+00 1.156629167411686572e-192
1.182000608012035143e-55 1.000000000000000000e+00
2.687938114464463842e-88 1.000000000000000000e+00
4.684019327831991960e-76 1.000000000000000000e+00
1.572349579585000470e-15 1.000000000000000000e+00
1.000000000000000000e+00 7.450574071352916281e-101
1.000000000000000000e+00 5.644039314558071790e-107
1.000000000000000000e+00 2.501037290591397284e-40
2.075624624763866963e-09 9.999999979243625603e-01
9.999998900187623274e-01 1.099812252782919398e-07
1.548409060414872512e-83 1.000000000000000000e+00
5.079500727497838394e-125 1.000000000000000000e+00
9.747341752057524784e-94 1.000000000000000000e+00
1.411515988197473172e-85 1.000000000000000000e+00
1.286725475762368501e-87 1.000000000000000000e+00
4.221057056118478460e-129 1.000000000000000000e+00
2.647011697852546627e-156 1.000000000000000000e+00
7.946156836075331575e-183 1.000000000000000000e+00
2.385384564590440946e-209 1.000000000000000000e+00
8.650183736005613556e-215 1.000000000000000000e+00
4.559925211300353021e-195 1.000000000000000000e+00
2.859514859707201168e-222 1.000000000000000000e+00
1.647247268579136003e-217 1.000000000000000000e+00
1.974661910719154437e-230 1.000000000000000000e+00
5.403735946154474505e-259 1.000000000000000000e+00
1.133165480651668782e-242 1.000000000000000000e+00
1.137520383136562898e-225 1.000000000000000000e+00
3.774783640401514774e-216 1.000000000000000000e+00
2.385384564590440946e-209 1.000000000000000000e+00
2.606708424893559026e-224 1.000000000000000000e+00
2.191241301116832079e-177 1.000000000000000000e+00
3.441059340601177671e-218 1.000000000000000000e+00
1.272003615870093740e-138 1.000000000000000000e+00
2.667396414501299508e-122 1.000000000000000000e+00
4.188798989198117207e-163 1.000000000000000000e+00
1.164003523533519103e-123 1.000000000000000000e+00
2.616726344774304613e-207 1.000000000000000000e+00
3.774783640401514774e-216 1.000000000000000000e+00
3.803853362676554765e-182 1.000000000000000000e+00
3.774783640401514774e-216 1.000000000000000000e+00
1.982250793550038039e-213 1.000000000000000000e+00
4.140873528020682577e-214 1.000000000000000000e+00
1.137520383136562898e-225 1.000000000000000000e+00
3.160996117208905127e-186 1.000000000000000000e+00
8.683427518394126995e-198 1.000000000000000000e+00
6.628620865613033051e-170 1.000000000000000000e+00
1.065173232130827833e-108 1.000000000000000000e+00
9.999974797084900668e-01 2.520291502056865683e-06
8.069015275042931440e-115 1.000000000000000000e+00
9.999999999562589892e-01 4.375074283862534071e-11
1.000000000000000000e+00 6.739972616350029201e-137
1.000000000000000000e+00 1.497837123264827015e-271
1.000000000000000000e+00 1.375930160514361099e-239
1.000000000000000000e+00 1.809381917337280318e-250
1.000000000000000000e+00 3.226448713507733227e-136
1.000000000000000000e+00 2.236613844125575957e-127
1.000000000000000000e+00 0.000000000000000000e+00
1.000000000000000000e+00 1.066575962075267690e-143
1.000000000000000000e+00 1.188105752671003841e-73
1.000000000000000000e+00 1.407963829675856791e-137
1.000000000000000000e+00 5.086189937818997929e-160
9.999998900187623274e-01 1.099812252782919398e-07
9.710024862222879084e-111 1.000000000000000000e+00
4.630427883832491134e-127 1.000000000000000000e+00
2.036195902202288216e-94 1.000000000000000000e+00
2.233672314102451706e-92 1.000000000000000000e+00
2.469170421697562634e-56 1.000000000000000000e+00
1.400728932584680059e-119 1.000000000000000000e+00
1.057032989307503307e-142 1.000000000000000000e+00
1.400728932584680059e-119 1.000000000000000000e+00
3.548288894688231327e-82 1.000000000000000000e+00
5.658278687712301180e-55 1.000000000000000000e+00
1.000000000000000000e+00 2.054578830871612114e-95
1.000000000000000000e+00 1.308340701215253444e-54
1.000000000000000000e+00 9.648508569683499341e-180
1.000000000000000000e+00 9.611570054498587112e-197
1.000000000000000000e+00 7.987199485821344481e-201
1.000000000000000000e+00 1.046315202154291332e-228
1.000000000000000000e+00 1.249483821348835786e-258
1.000000000000000000e+00 1.795554299704678145e-284
1.000000000000000000e+00 3.189533826221464247e-187
1.000000000000000000e+00 2.640350345635305677e-208
1.000000000000000000e+00 0.000000000000000000e+00
1.000000000000000000e+00 1.802454848666908528e-267
1.000000000000000000e+00 0.000000000000000000e+00
1.000000000000000000e+00 9.611570054498587112e-197
1.000000000000000000e+00 0.000000000000000000e+00
1.000000000000000000e+00 1.809381917337280318e-250
1.000000000000000000e+00 4.989572278217774336e-245
1.000000000000000000e+00 1.263945042625795796e-207
1.000000000000000000e+00 0.000000000000000000e+00
1.000000000000000000e+00 1.649416533634744736e-252
1.000000000000000000e+00 0.000000000000000000e+00
1.000000000000000000e+00 0.000000000000000000e+00
1.000000000000000000e+00 2.144206682032647723e-314
1.000000000000000000e+00 0.000000000000000000e+00
1.000000000000000000e+00 1.865765489069498159e-114
1.000000000000000000e+00 2.007833525951850350e-197
1.000000000000000000e+00 3.566616141595969005e-100
1.000000000000000000e+00 1.254285750361008844e-241
1.000000000000000000e+00 1.674918766312870403e-184
1.000000000000000000e+00 0.000000000000000000e+00
1.000000000000000000e+00 0.000000000000000000e+00
1.000000000000000000e+00 1.662118739936832063e-218
1.000000000000000000e+00 0.000000000000000000e+00
1.000000000000000000e+00 0.000000000000000000e+00
1.000000000000000000e+00 0.000000000000000000e+00
1.000000000000000000e+00 0.000000000000000000e+00
1.000000000000000000e+00 1.992489305918655422e-231
1.000000000000000000e+00 1.526841115840593382e-186
1.000000000000000000e+00 0.000000000000000000e+00
1.000000000000000000e+00 0.000000000000000000e+00
1.000000000000000000e+00 0.000000000000000000e+00
1.000000000000000000e+00 6.004310219015273340e-241
7.915735633371728008e-200 1.000000000000000000e+00
5.040682281733923836e-159 1.000000000000000000e+00
1.228840976198754241e-291 1.000000000000000000e+00
0.000000000000000000e+00 1.000000000000000000e+00
1.000000000000000000e+00 5.753330019026250606e-22
5.177859754054646501e-40 1.000000000000000000e+00
3.847878234585253630e-131 1.000000000000000000e+00
4.237279127985847981e-112 1.000000000000000000e+00
4.630427883832491134e-127 1.000000000000000000e+00
4.253563543383722303e-95 1.000000000000000000e+00
6.136018811841669824e-104 1.000000000000000000e+00
2.036195902202288216e-94 1.000000000000000000e+00
7.498076925382883895e-32 1.000000000000000000e+00
1.000000000000000000e+00 3.214096522084934462e-153
1.000000000000000000e+00 4.913601290396694098e-313
1.000000000000000000e+00 0.000000000000000000e+00
1.000000000000000000e+00 0.000000000000000000e+00
1.000000000000000000e+00 1.273678721391738588e-173
1.000000000000000000e+00 0.000000000000000000e+00
1.000000000000000000e+00 1.318416272281274922e-20
2.732500107825856436e-03 9.972674998921881029e-01
1.000000000000000000e+00 6.215209662867088696e-88
1.000000000000000000e+00 6.097145056767681272e-173
1.000000000000000000e+00 1.066575962075267690e-143
1.000000000000000000e+00 3.566616141595969005e-100
1.000000000000000000e+00 4.194315231623429986e-198
1.000000000000000000e+00 4.548449905789784485e-247
1.000000000000000000e+00 0.000000000000000000e+00
1.000000000000000000e+00 8.079641386374809284e-150
1.000000000000000000e+00 6.511266498069966537e-290
1.000000000000000000e+00 1.038319075742317556e-262
1.000000000000000000e+00 0.000000000000000000e+00
1.000000000000000000e+00 2.160719282009139631e-280
1.000000000000000000e+00 9.760178056742180454e-129
1.000000000000000000e+00 8.562475188542729799e-301
1.000000000000000000e+00 0.000000000000000000e+00
1.000000000000000000e+00 0.000000000000000000e+00
1.000000000000000000e+00 0.000000000000000000e+00
1.000000000000000000e+00 9.611570054498587112e-197
1.000000000000000000e+00 0.000000000000000000e+00
1.000000000000000000e+00 0.000000000000000000e+00
1.000000000000000000e+00 9.574772955348100575e-214
1.000000000000000000e+00 7.594846363512573189e-16
1.000000000000000000e+00 1.515172725141382137e-220
1.000000000000000000e+00 0.000000000000000000e+00
1.000000000000000000e+00 8.204563678834569605e-82
1.000000000000000000e+00 5.912888880043412669e-309
1.000000000000000000e+00 1.984861225789139090e-248
1.000000000000000000e+00 4.565930191004393595e-230
1.000000000000000000e+00 2.918724888691847108e-172
1.000000000000000000e+00 3.105033239308481627e-306
1.000000000000000000e+00 0.000000000000000000e+00
1.000000000000000000e+00 0.000000000000000000e+00
1.000000000000000000e+00 0.000000000000000000e+00
1.000000000000000000e+00 0.000000000000000000e+00
1.000000000000000000e+00 0.000000000000000000e+00
1.000000000000000000e+00 1.984861225789139090e-248
1.000000000000000000e+00 7.142748735887693228e-288
1.000000000000000000e+00 0.000000000000000000e+00
1.000000000000000000e+00 0.000000000000000000e+00
1.000000000000000000e+00 4.146326657255838077e-249
1.000000000000000000e+00 2.481923919882978729e-74
1.000000000000000000e+00 2.169023207542357625e-263
1.000000000000000000e+00 8.017895333411181893e-184
1.000000000000000000e+00 1.418806601448614757e-103
1.000000000000000000e+00 1.050336327710720480e-211
1.000000000000000000e+00 9.465224750540736254e-265
1.000000000000000000e+00 4.951441081613849126e-279
1.000000000000000000e+00 0.000000000000000000e+00
1.000000000000000000e+00 7.065138735529825582e-322
1.000000000000000000e+00 0.000000000000000000e+00
1.000000000000000000e+00 4.194315231623429986e-198
1.000000000000000000e+00 5.164829381885368859e-92
1.000000000000000000e+00 3.445590882356519311e-253
1.000000000000000000e+00 3.779754664726997465e-251
1.000000000000000000e+00 8.017895333411181893e-184
2.268207939229592831e-24 1.000000000000000000e+00
1.000000000000000000e+00 1.503593506355380606e-254
1.000000000000000000e+00 0.000000000000000000e+00
1.000000000000000000e+00 0.000000000000000000e+00
1.000000000000000000e+00 0.000000000000000000e+00
1.000000000000000000e+00 0.000000000000000000e+00
1.000000000000000000e+00 1.354980313985741858e-307
1.000000000000000000e+00 0.000000000000000000e+00
1.000000000000000000e+00 0.000000000000000000e+00
1.000000000000000000e+00 0.000000000000000000e+00
1.000000000000000000e+00 0.000000000000000000e+00
1.000000000000000000e+00 0.000000000000000000e+00
1.000000000000000000e+00 9.574772955348100575e-214
1.000000000000000000e+00 6.791877348064084075e-103
1.000000000000000000e+00 6.144099354117174404e-139
1.000000000000000000e+00 3.580323111819291326e-83
1.000000000000000000e+00 9.392889823686669789e-299
1.000000000000000000e+00 0.000000000000000000e+00
1.000000000000000000e+00 0.000000000000000000e+00
1.000000000000000000e+00 0.000000000000000000e+00
1.000000000000000000e+00 4.098887136343610949e-300
1.000000000000000000e+00 3.912517318152421917e-98
1.000000000000000000e+00 2.481923919882978729e-74
1.554359798043197755e-66 1.000000000000000000e+00
1.560333405131039152e-49 1.000000000000000000e+00
3.548288894688231327e-82 1.000000000000000000e+00
1.000000000000000000e+00 3.838194834912172611e-183
1.000000000000000000e+00 1.687817366076772546e-150
1.000000000000000000e+00 7.479207597604142462e-84
1.000000000000000000e+00 2.918724888691847108e-172
1.000000000000000000e+00 1.720500120157367183e-65
1.000000000000000000e+00 8.829297206248355816e-165
1.000000000000000000e+00 2.177359046144577732e-246
1.000000000000000000e+00 3.942647731621534933e-64
1.000000000000000000e+00 2.078358025605923536e-44
1.061095304715884587e-125 1.000000000000000000e+00
4.559925211300353021e-195 1.000000000000000000e+00
4.188798989198117207e-163 1.000000000000000000e+00
1.813946815427136008e-198 1.000000000000000000e+00
1.647247268579136003e-217 1.000000000000000000e+00
2.881536069591974458e-188 1.000000000000000000e+00
6.731108398757188346e-102 1.000000000000000000e+00
1.000000000000000000e+00 6.923394692048775235e-18
1.000000000000000000e+00 1.694303867975284382e-133
6.254836166074890629e-19 1.000000000000000000e+00
1.659932769306866268e-183 1.000000000000000000e+00
1.150685766863300215e-174 1.000000000000000000e+00
9.562180490101137139e-179 1.000000000000000000e+00
2.626782764825077067e-190 1.000000000000000000e+00
5.002160493419700858e-193 1.000000000000000000e+00
4.525077453815528613e-229 1.000000000000000000e+00
6.552780579943434771e-221 1.000000000000000000e+00
2.182852315452308163e-194 1.000000000000000000e+00
3.427885530185615373e-235 1.000000000000000000e+00
2.403754482820889426e-175 1.000000000000000000e+00
1.813946815427136008e-198 1.000000000000000000e+00
3.760332194170717679e-233 1.000000000000000000e+00
4.140873528020682577e-214 1.000000000000000000e+00
4.156787444148369664e-197 1.000000000000000000e+00
3.774783640401514774e-216 1.000000000000000000e+00
1.820918049222068046e-181 1.000000000000000000e+00
1.813946815427136008e-198 1.000000000000000000e+00
3.789290625423745066e-199 1.000000000000000000e+00
6.019458521309582916e-189 1.000000000000000000e+00
2.616726344774304613e-207 1.000000000000000000e+00
2.191241301116832079e-177 1.000000000000000000e+00
3.803853362676554765e-182 1.000000000000000000e+00
8.650183736005613556e-215 1.000000000000000000e+00
2.403754482820889426e-175 1.000000000000000000e+00
3.937462475033938159e-29 1.000000000000000000e+00
8.750298854714824177e-164 1.000000000000000000e+00
2.005192881206001379e-162 1.000000000000000000e+00
5.572126008211565591e-123 1.000000000000000000e+00
6.654095518672953637e-153 1.000000000000000000e+00
1.065173232130827833e-108 1.000000000000000000e+00
1.536575843656642676e-117 1.000000000000000000e+00
1.000000000000000000e+00 2.852318731457218216e-274
1.000000000000000000e+00 2.152447147362496398e-297
1.000000000000000000e+00 3.165158842831913478e-221
1.000000000000000000e+00 2.863280563725696073e-257
1.000000000000000000e+00 1.823316021869003817e-216
1.000000000000000000e+00 0.000000000000000000e+00
1.000000000000000000e+00 9.648508569683499341e-180
1.000000000000000000e+00 1.837357433358452317e-182
1.000000000000000000e+00 1.440743289566766373e-35
1.000000000000000000e+00 6.714169189947083682e-154
2.698268210618814783e-71 1.000000000000000000e+00
1.000000000000000000e+00 2.733091792885827914e-55
2.937333892645543443e-103 1.000000000000000000e+00
2.208116116239821894e-143 1.000000000000000000e+00
3.454283779687604815e-201 1.000000000000000000e+00
1.267133855477517165e-155 1.000000000000000000e+00
1.052986226137851169e-159 1.000000000000000000e+00
3.833146951760081406e-148 1.000000000000000000e+00
7.976694951418274307e-166 1.000000000000000000e+00
4.269910541912201587e-78 1.000000000000000000e+00
2.036195902202288216e-94 1.000000000000000000e+00
1.000000000000000000e+00 8.204563678834569605e-82
1.000000000000000000e+00 1.586544869011991358e-16
1.000000000000000000e+00 1.586544869011991358e-16
1.000000000000000000e+00 1.713913328080638929e-82
1.000000000000000000e+00 1.268802547995386889e-190
1.000000000000000000e+00 5.935612881891576157e-292
1.000000000000000000e+00 0.000000000000000000e+00
1.000000000000000000e+00 0.000000000000000000e+00
1.000000000000000000e+00 0.000000000000000000e+00
1.000000000000000000e+00 0.000000000000000000e+00
1.000000000000000000e+00 1.268802547995386889e-190
1.000000000000000000e+00 6.688464549816878085e-171
1.000000000000000000e+00 0.000000000000000000e+00
1.000000000000000000e+00 6.191415247916271886e-105
1.000000000000000000e+00 5.125358839405626145e-126
1.000000000000000000e+00 4.308459613161918177e-79
1.000000000000000000e+00 5.066717881289322293e-177
1.000000000000000000e+00 1.134657749799921002e-277
1.000000000000000000e+00 3.189533826221464247e-187
1.000000000000000000e+00 0.000000000000000000e+00
1.000000000000000000e+00 2.580277701963788239e-310
1.000000000000000000e+00 9.501600841676426993e-248
1.000000000000000000e+00 0.000000000000000000e+00
1.000000000000000000e+00 2.610141207332418774e-259
1.000000000000000000e+00 0.000000000000000000e+00
1.000000000000000000e+00 1.655755456132731469e-235
1.000000000000000000e+00 1.125986493964928317e-311
4.335929189621371876e-10 9.999999995663984009e-01
1.554359798043197755e-66 1.000000000000000000e+00
2.259524293170662881e-41 1.000000000000000000e+00
6.861449017898362754e-17 1.000000000000000000e+00
8.732222343745731363e-01 1.267777656254283070e-01
1.000000000000000000e+00 1.308340701215253444e-54
1.000000000000000000e+00 8.863229345030399771e-148
1.000000000000000000e+00 3.105033239308481627e-306
9.986782661747257706e-01 1.321733825274390775e-03
1.000000000000000000e+00 6.896889049425706938e-35
1.000000000000000000e+00 1.424259259951070579e-86
3.259498401118396702e-50 1.000000000000000000e+00
1.000000000000000000e+00 2.743595420504296733e-38
7.440775291218017273e-66 1.000000000000000000e+00
4.302793251339975613e-44 1.000000000000000000e+00
9.860155110290038607e-43 1.000000000000000000e+00
4.302793251339975613e-44 1.000000000000000000e+00
6.861449017898362754e-17 1.000000000000000000e+00
1.000000000000000000e+00 6.662858317770461290e-188
1.000000000000000000e+00 1.486390386224116365e-305
1.000000000000000000e+00 0.000000000000000000e+00
1.000000000000000000e+00 9.501600841676426993e-248
1.000000000000000000e+00 0.000000000000000000e+00
1.000000000000000000e+00 0.000000000000000000e+00
1.000000000000000000e+00 0.000000000000000000e+00
1.000000000000000000e+00 0.000000000000000000e+00
1.000000000000000000e+00 7.225417169234505580e-237
1.000000000000000000e+00 3.432399723307458551e-270
1.000000000000000000e+00 0.000000000000000000e+00
1.000000000000000000e+00 6.536290143015403134e-273
1.000000000000000000e+00 7.926159890262326120e-235
1.000000000000000000e+00 4.531036542397981519e-264
1.000000000000000000e+00 7.142748735887693228e-288
1.000000000000000000e+00 8.595381895553542186e-284
3.272025077872342030e-33 1.000000000000000000e+00
1.724840777946392848e-13 9.999999999998294697e-01
1.000000000000000000e+00 3.750869108975559036e-285
1.000000000000000000e+00 0.000000000000000000e+00
1.000000000000000000e+00 0.000000000000000000e+00
1.000000000000000000e+00 0.000000000000000000e+00
1.000000000000000000e+00 0.000000000000000000e+00
1.000000000000000000e+00 1.050336327710720480e-211
1.000000000000000000e+00 9.104433874535460342e-29
1.000000000000000000e+00 1.062492664425020247e-160
1.000000000000000000e+00 1.674918766312870403e-184
1.000000000000000000e+00 1.050336327710720480e-211
1.000000000000000000e+00 0.000000000000000000e+00
1.000000000000000000e+00 0.000000000000000000e+00
1.000000000000000000e+00 0.000000000000000000e+00
1.000000000000000000e+00 0.000000000000000000e+00
1.000000000000000000e+00 0.000000000000000000e+00
1.000000000000000000e+00 0.000000000000000000e+00
1.000000000000000000e+00 1.630545003094957030e-303
1.000000000000000000e+00 7.865586770129810698e-269
1.000000000000000000e+00 3.105033239308481627e-306
1.000000000000000000e+00 9.069578304216410048e-46
2.478659765123040505e-39 1.000000000000000000e+00
1.395366357989195294e-136 1.000000000000000000e+00
8.100025551367178479e-98 1.000000000000000000e+00
5.593540413974569192e-106 1.000000000000000000e+00
1.000000000000000000e+00 1.074789695618233822e-109
1.000000000000000000e+00 1.273678721391738588e-173
1.000000000000000000e+00 8.236094885319858454e-65
1.000000000000000000e+00 8.863229345030399771e-148
1.000000000000000000e+00 3.419259065520362777e-287
1.000000000000000000e+00 7.987199485821344481e-201
1.000000000000000000e+00 0.000000000000000000e+00
1.000000000000000000e+00 0.000000000000000000e+00
1.000000000000000000e+00 1.263945042625795796e-207
1.000000000000000000e+00 8.897291889431823756e-131
1.000000000000000000e+00 8.795494973862648576e-182
1.000000000000000000e+00 5.644039314558071790e-107
2.440919810605213293e-107 1.000000000000000000e+00
5.636616436830055689e-72 1.000000000000000000e+00
2.431574951465792035e-124 1.000000000000000000e+00
5.658278687712301180e-55 1.000000000000000000e+00
4.204897089110341622e-146 1.000000000000000000e+00
9.710024862222879084e-111 1.000000000000000000e+00
7.299429745132834777e-151 1.000000000000000000e+00
4.188798989198117207e-163 1.000000000000000000e+00
2.199662526744544136e-160 1.000000000000000000e+00
5.720491950582198316e-04 9.994279508049525029e-01
6.183272477147450585e-70 1.000000000000000000e+00
3.197580716006521503e-135 1.000000000000000000e+00
4.237279127985847981e-112 1.000000000000000000e+00
7.412288899862330645e-83 1.000000000000000000e+00
1.000000000000000000e+00 1.174512234272943885e-124
1.000000000000000000e+00 1.391854840909937212e-188
1.000000000000000000e+00 6.817979417036520920e-86
1.572349579585000470e-15 1.000000000000000000e+00
1.000000000000000000e+00 6.511266498069966537e-290
1.000000000000000000e+00 9.722812024192455482e-146
1.000000000000000000e+00 6.239095522841362666e-71
9.057650255583966034e-11 9.999999999094200120e-01
1.000000000000000000e+00 1.568392674380385363e-67
2.075624624763866963e-09 9.999999979243625603e-01
9.999999952006248805e-01 4.799382143418214740e-09
1.000000000000000000e+00 3.621760899073710685e-32
1.000000000000000000e+00 1.901894015698797379e-29
1.000000000000000000e+00 7.594846363512573189e-16
1.294660219103086277e-02 9.870533978089790494e-01
1.000000000000000000e+00 3.607895287717094262e-49
9.997236040227365228e-01 2.763959772732694424e-04
1.000000000000000000e+00 1.727112226136808941e-48
1.000000000000000000e+00 3.823500624174661951e-200
1.000000000000000000e+00 2.253838074565033459e-93
1.000000000000000000e+00 4.178257643477239809e-215
1.000000000000000000e+00 2.874284523742857281e-240
1.000000000000000000e+00 0.000000000000000000e+00
1.000000000000000000e+00 0.000000000000000000e+00
1.000000000000000000e+00 0.000000000000000000e+00
1.000000000000000000e+00 0.000000000000000000e+00
1.000000000000000000e+00 0.000000000000000000e+00
1.000000000000000000e+00 0.000000000000000000e+00
1.000000000000000000e+00 0.000000000000000000e+00
1.000000000000000000e+00 0.000000000000000000e+00
1.000000000000000000e+00 0.000000000000000000e+00
1.000000000000000000e+00 0.000000000000000000e+00
1.000000000000000000e+00 0.000000000000000000e+00
1.000000000000000000e+00 0.000000000000000000e+00
1.000000000000000000e+00 0.000000000000000000e+00
1.000000000000000000e+00 0.000000000000000000e+00
1.000000000000000000e+00 0.000000000000000000e+00
1.000000000000000000e+00 0.000000000000000000e+00
1.000000000000000000e+00 0.000000000000000000e+00
1.000000000000000000e+00 0.000000000000000000e+00
1.000000000000000000e+00 0.000000000000000000e+00
1.000000000000000000e+00 0.000000000000000000e+00
1.000000000000000000e+00 0.000000000000000000e+00
1.000000000000000000e+00 0.000000000000000000e+00
1.000000000000000000e+00 5.086189937818997929e-160
1.000000000000000000e+00 3.153041294600674350e-238
1.000000000000000000e+00 0.000000000000000000e+00
1.000000000000000000e+00 0.000000000000000000e+00
1.000000000000000000e+00 0.000000000000000000e+00
1.000000000000000000e+00 0.000000000000000000e+00
1.000000000000000000e+00 0.000000000000000000e+00
1.000000000000000000e+00 0.000000000000000000e+00
1.000000000000000000e+00 0.000000000000000000e+00
1.000000000000000000e+00 0.000000000000000000e+00
1.000000000000000000e+00 0.000000000000000000e+00
1.000000000000000000e+00 0.000000000000000000e+00
1.000000000000000000e+00 0.000000000000000000e+00
1.000000000000000000e+00 0.000000000000000000e+00
1.000000000000000000e+00 0.000000000000000000e+00
1.000000000000000000e+00 0.000000000000000000e+00
1.000000000000000000e+00 0.000000000000000000e+00
1.000000000000000000e+00 0.000000000000000000e+00
1.000000000000000000e+00 0.000000000000000000e+00
1.000000000000000000e+00 0.000000000000000000e+00
1.000000000000000000e+00 0.000000000000000000e+00
1.000000000000000000e+00 0.000000000000000000e+00
1.000000000000000000e+00 0.000000000000000000e+00
1.000000000000000000e+00 0.000000000000000000e+00
1.000000000000000000e+00 0.000000000000000000e+00
1.000000000000000000e+00 0.000000000000000000e+00
1.000000000000000000e+00 0.000000000000000000e+00
1.000000000000000000e+00 0.000000000000000000e+00
1.000000000000000000e+00 0.000000000000000000e+00
1.000000000000000000e+00 0.000000000000000000e+00
1.000000000000000000e+00 0.000000000000000000e+00
1.000000000000000000e+00 0.000000000000000000e+00
1.000000000000000000e+00 0.000000000000000000e+00
1.000000000000000000e+00 0.000000000000000000e+00
1.000000000000000000e+00 0.000000000000000000e+00
1.000000000000000000e+00 0.000000000000000000e+00
1.000000000000000000e+00 0.000000000000000000e+00
1.000000000000000000e+00 0.000000000000000000e+00
1.000000000000000000e+00 0.000000000000000000e+00
1.000000000000000000e+00 0.000000000000000000e+00
1.000000000000000000e+00 0.000000000000000000e+00
1.000000000000000000e+00 0.000000000000000000e+00
1.000000000000000000e+00 0.000000000000000000e+00
1.000000000000000000e+00 0.000000000000000000e+00
1.000000000000000000e+00 0.000000000000000000e+00
1.000000000000000000e+00 0.000000000000000000e+00
1.000000000000000000e+00 0.000000000000000000e+00
1.000000000000000000e+00 0.000000000000000000e+00
1.000000000000000000e+00 0.000000000000000000e+00
1.000000000000000000e+00 0.000000000000000000e+00
1.000000000000000000e+00 0.000000000000000000e+00
1.000000000000000000e+00 0.000000000000000000e+00
1.000000000000000000e+00 0.000000000000000000e+00
1.000000000000000000e+00 0.000000000000000000e+00
1.000000000000000000e+00 0.000000000000000000e+00
1.000000000000000000e+00 0.000000000000000000e+00
1.000000000000000000e+00 0.000000000000000000e+00
1.000000000000000000e+00 0.000000000000000000e+00
1.000000000000000000e+00 0.000000000000000000e+00
1.000000000000000000e+00 0.000000000000000000e+00
1.000000000000000000e+00 0.000000000000000000e+00
1.000000000000000000e+00 0.000000000000000000e+00
1.000000000000000000e+00 0.000000000000000000e+00
1.000000000000000000e+00 0.000000000000000000e+00
1.000000000000000000e+00 0.000000000000000000e+00
1.000000000000000000e+00 0.000000000000000000e+00
1.000000000000000000e+00 0.000000000000000000e+00
1.000000000000000000e+00 0.000000000000000000e+00
1.000000000000000000e+00 0.000000000000000000e+00
1.000000000000000000e+00 0.000000000000000000e+00
1.000000000000000000e+00 0.000000000000000000e+00
1.000000000000000000e+00 0.000000000000000000e+00
1.000000000000000000e+00 0.000000000000000000e+00
1.000000000000000000e+00 0.000000000000000000e+00
1.000000000000000000e+00 0.000000000000000000e+00
1.000000000000000000e+00 0.000000000000000000e+00
1.000000000000000000e+00 0.000000000000000000e+00
1.000000000000000000e+00 0.000000000000000000e+00
0.000000000000000000e+00 1.000000000000000000e+00
1.000000000000000000e+00 0.000000000000000000e+00
1.000000000000000000e+00 0.000000000000000000e+00
1.000000000000000000e+00 0.000000000000000000e+00
1.000000000000000000e+00 0.000000000000000000e+00
1.000000000000000000e+00 0.000000000000000000e+00
1.000000000000000000e+00 0.000000000000000000e+00
1.000000000000000000e+00 0.000000000000000000e+00
1.000000000000000000e+00 0.000000000000000000e+00
1.000000000000000000e+00 0.000000000000000000e+00
1.000000000000000000e+00 0.000000000000000000e+00
1.000000000000000000e+00 0.000000000000000000e+00
1.000000000000000000e+00 0.000000000000000000e+00
1.000000000000000000e+00 0.000000000000000000e+00
1.000000000000000000e+00 0.000000000000000000e+00
1.000000000000000000e+00 0.000000000000000000e+00
1.000000000000000000e+00 0.000000000000000000e+00
1.000000000000000000e+00 0.000000000000000000e+00
1.000000000000000000e+00 0.000000000000000000e+00
1.000000000000000000e+00 0.000000000000000000e+00
1.000000000000000000e+00 0.000000000000000000e+00
1.000000000000000000e+00 0.000000000000000000e+00
1.000000000000000000e+00 0.000000000000000000e+00
1.000000000000000000e+00 0.000000000000000000e+00
1.000000000000000000e+00 0.000000000000000000e+00
1.000000000000000000e+00 0.000000000000000000e+00
1.000000000000000000e+00 0.000000000000000000e+00
1.000000000000000000e+00 0.000000000000000000e+00
1.000000000000000000e+00 0.000000000000000000e+00
1.000000000000000000e+00 0.000000000000000000e+00
1.000000000000000000e+00 0.000000000000000000e+00
1.000000000000000000e+00 0.000000000000000000e+00
1.000000000000000000e+00 0.000000000000000000e+00
1.000000000000000000e+00 0.000000000000000000e+00
1.000000000000000000e+00 0.000000000000000000e+00
1.000000000000000000e+00 0.000000000000000000e+00
1.000000000000000000e+00 0.000000000000000000e+00
1.000000000000000000e+00 0.000000000000000000e+00
1.000000000000000000e+00 0.000000000000000000e+00
1.000000000000000000e+00 0.000000000000000000e+00
1.000000000000000000e+00 0.000000000000000000e+00
1.000000000000000000e+00 0.000000000000000000e+00
1.000000000000000000e+00 0.000000000000000000e+00
1.000000000000000000e+00 0.000000000000000000e+00
1.000000000000000000e+00 0.000000000000000000e+00
1.000000000000000000e+00 0.000000000000000000e+00
1.000000000000000000e+00 0.000000000000000000e+00
1.000000000000000000e+00 0.000000000000000000e+00
1.000000000000000000e+00 0.000000000000000000e+00
1.000000000000000000e+00 0.000000000000000000e+00
1.000000000000000000e+00 0.000000000000000000e+00
1.000000000000000000e+00 0.000000000000000000e+00
1.000000000000000000e+00 0.000000000000000000e+00
1.000000000000000000e+00 0.000000000000000000e+00
1.000000000000000000e+00 0.000000000000000000e+00
1.000000000000000000e+00 0.000000000000000000e+00
1.000000000000000000e+00 0.000000000000000000e+00
1.000000000000000000e+00 0.000000000000000000e+00
1.000000000000000000e+00 0.000000000000000000e+00
1.000000000000000000e+00 0.000000000000000000e+00
1.000000000000000000e+00 0.000000000000000000e+00
1.000000000000000000e+00 0.000000000000000000e+00
1.000000000000000000e+00 0.000000000000000000e+00
1.000000000000000000e+00 0.000000000000000000e+00
1.000000000000000000e+00 0.000000000000000000e+00
1.000000000000000000e+00 0.000000000000000000e+00
1.000000000000000000e+00 0.000000000000000000e+00
1.000000000000000000e+00 0.000000000000000000e+00
1.000000000000000000e+00 0.000000000000000000e+00
1.000000000000000000e+00 0.000000000000000000e+00
1.000000000000000000e+00 0.000000000000000000e+00
1.000000000000000000e+00 0.000000000000000000e+00
1.000000000000000000e+00 0.000000000000000000e+00
1.000000000000000000e+00 0.000000000000000000e+00
1.000000000000000000e+00 0.000000000000000000e+00
1.000000000000000000e+00 0.000000000000000000e+00
1.000000000000000000e+00 0.000000000000000000e+00
1.000000000000000000e+00 0.000000000000000000e+00
1.000000000000000000e+00 0.000000000000000000e+00
1.000000000000000000e+00 0.000000000000000000e+00
0.000000000000000000e+00 1.000000000000000000e+00
0.000000000000000000e+00 1.000000000000000000e+00
