6.114834917671945577e-295 1.000000000000000000e+00
2.741802864278374394e-266 1.000000000000000000e+00
3.703169017348600797e-154 1.000000000000000000e+00
9.999999973344131377e-01 2.665582446862590550e-09
9.089075722581111544e-03 9.909109242774257753e-01
1.591470648761441844e-27 1.000000000000000000e+00
5.063915196376957551e-13 9.999999999994955147e-01
1.000000000000000000e+00 7.410816219392106523e-48
7.310423246069000570e-74 1.000000000000000000e+00
2.473144294885843400e-47 1.000000000000000000e+00
3.505674286112051474e-85 1.000000000000000000e+00
1.843016909222955561e-78 1.000000000000000000e+00
1.036250203731974387e-111 1.000000000000000000e+00
3.338320281854599062e-68 1.000000000000000000e+00
1.733445437801646135e-90 1.000000000000000000e+00
1.865971048461091074e-49 1.000000000000000000e+00
4.940094552869759822e-71 1.000000000000000000e+00
4.045762611130000394e-03 9.959542373888765621e-01
1.000000000000000000e+00 1.856246590904444527e-133
1.000000000000000000e+00 7.879255559854024772e-36
1.000000000000000000e+00 1.262541263627206104e-49
9.999999693122991751e-01 3.068770319170818397e-08
4.213364129887592425e-49 1.000000000000000000e+00
1.925333864523518235e-01 8.074666135476481488e-01
1.505698088010886195e-91 1.000000000000000000e+00
1.610332104729448942e-131 1.000000000000000000e+00
3.526387002555667490e-137 1.000000000000000000e+00
8.621983719459879004e-148 1.000000000000000000e+00
4.395976715218051442e-147 1.000000000000000000e+00
2.880968775037209761e-150 1.000000000000000000e+00
1.200038875458302360e-162 1.000000000000000000e+00
6.505229813757236294e-150 1.000000000000000000e+00
6.831344795556645346e-167 1.000000000000000000e+00
1.670257506241377950e-177 1.000000000000000000e+00
6.831344795556645346e-167 1.000000000000000000e+00
1.888085770336058720e-153 1.000000000000000000e+00
1.315600502100633193e-144 1.000000000000000000e+00
1.691059986766645568e-148 1.000000000000000000e+00
4.998642522924539299e-175 1.000000000000000000e+00
4.760017147662324395e-158 1.000000000000000000e+00
3.483007348660121367e-166 1.000000000000000000e+00
5.480002979461479075e-157 1.000000000000000000e+00
7.864633397755944594e-166 1.000000000000000000e+00
2.709688747043701999e-162 1.000000000000000000e+00
3.025395199087604603e-167 1.000000000000000000e+00
2.794016583755195666e-156 1.000000000000000000e+00
6.118479372637951759e-162 1.000000000000000000e+00
1.468881415740741149e-149 1.000000000000000000e+00
1.200038875458302360e-162 1.000000000000000000e+00
1.610332104729448942e-131 1.000000000000000000e+00
6.194682920604620842e-133 1.000000000000000000e+00
4.395976715218051442e-147 1.000000000000000000e+00
2.108067072749593811e-158 1.000000000000000000e+00
2.108067072749593811e-158 1.000000000000000000e+00
1.339855677701986842e-167 1.000000000000000000e+00
3.703169017348600797e-154 1.000000000000000000e+00
2.241318460986222204e-146 1.000000000000000000e+00
9.335989021370422895e-159 1.000000000000000000e+00
4.616352306477849302e-164 1.000000000000000000e+00
1.876995840288436507e-101 1.000000000000000000e+00
1.630388235070231738e-102 1.000000000000000000e+00
5.447815432339522041e-105 1.000000000000000000e+00
4.424585132968400734e-66 1.000000000000000000e+00
3.820690595309973483e-15 9.999999999999928946e-01
1.000000000000000000e+00 1.643070299901660898e-24
1.000000000000000000e+00 2.009966425073889662e-144
1.000000000000000000e+00 8.172466849405192144e-82
1.000000000000000000e+00 1.069848152301706467e-108
1.000000000000000000e+00 8.689050295477588133e-70
1.681127314609659742e-96 1.000000000000000000e+00
1.911601226677780039e-124 1.000000000000000000e+00
6.190993075211796496e-266 1.000000000000000000e+00
1.177612919374723175e-272 1.000000000000000000e+00
6.271835557449267277e-104 1.000000000000000000e+00
6.751330798018345070e-63 1.000000000000000000e+00
8.724167926507370747e-252 1.000000000000000000e+00
1.886961137377832611e-286 1.000000000000000000e+00
2.828815095573673955e-127 1.000000000000000000e+00
3.773690582108772600e-44 1.000000000000000000e+00
1.486289994508297535e-253 1.000000000000000000e+00
7.216193613290772729e-236 1.000000000000000000e+00
2.008628485113978968e-08 9.999999799137102574e-01
1.000000000000000000e+00 2.779455642038670021e-240
1.000000000000000000e+00 1.050480876233549545e-85
1.000000000000000000e+00 9.880274420118236569e-98
1.000000000000000000e+00 3.029214685940223566e-170
1.000000000000000000e+00 3.011422179107806993e-118
1.000000000000000000e+00 1.845343672635085262e-81
1.000000000000000000e+00 2.203522645899904145e-126
1.000000000000000000e+00 2.124464788772403647e-80
1.000000000000000000e+00 2.300396357686315292e-91
1.000000000000000000e+00 7.879255559854024772e-36
5.653913107341914437e-18 1.000000000000000000e+00
1.062223222201518558e-53 1.000000000000000000e+00
6.751330798018345070e-63 1.000000000000000000e+00
1.591470648761441844e-27 1.000000000000000000e+00
1.959514417710242945e-66 1.000000000000000000e+00
5.317775345733289124e-30 1.000000000000000000e+00
6.751330798018345070e-63 1.000000000000000000e+00
4.291044160168216878e-72 1.000000000000000000e+00
9.999992022617389953e-01 7.977382603394350960e-07
1.000000000000000000e+00 4.271225643298691002e-23
4.535484622111070679e-08 9.999999546451486809e-01
1.000000000000000000e+00 3.322901993355973428e-19
1.407862841199769048e-51 1.000000000000000000e+00
1.000000000000000000e+00 3.823235466300810346e-151
1.000000000000000000e+00 0.000000000000000000e+00
1.000000000000000000e+00 4.456346020559226437e-121
9.341553291212068439e-26 1.000000000000000000e+00
9.059610447657865514e-32 1.000000000000000000e+00
1.185983091348380371e-58 1.000000000000000000e+00
1.478440695939328479e-68 1.000000000000000000e+00
1.200754101248877674e-29 1.000000000000000000e+00
6.429035527284802909e-46 1.000000000000000000e+00
9.998942794517463595e-01 1.057205482545088467e-04
1.000000000000000000e+00 1.834504794144264634e-29
1.200754101248877674e-29 1.000000000000000000e+00
1.000000000000000000e+00 2.009966425073889662e-144
1.000000000000000000e+00 2.230966759613160316e-97
4.940094552869759822e-71 1.000000000000000000e+00
2.094436763545562133e-239 1.000000000000000000e+00
2.810524584359491332e-208 1.000000000000000000e+00
1.121395991776617098e-255 1.000000000000000000e+00
4.009836531264890594e-165 1.000000000000000000e+00
4.589237529722316816e-112 1.000000000000000000e+00
2.473144294885843400e-47 1.000000000000000000e+00
9.689181168768488798e-72 1.000000000000000000e+00
1.571893260947603396e-56 1.000000000000000000e+00
1.068499198406781275e-105 1.000000000000000000e+00
5.349194571781576982e-82 1.000000000000000000e+00
9.689181168768488798e-72 1.000000000000000000e+00
7.445202458501683937e-97 1.000000000000000000e+00
3.197737779299677767e-103 1.000000000000000000e+00
1.101751809440633940e-99 1.000000000000000000e+00
8.729367549643558620e-119 1.000000000000000000e+00
3.158400985573049246e-132 1.000000000000000000e+00
6.707678142224393263e-144 1.000000000000000000e+00
1.946844618087226689e-147 1.000000000000000000e+00
7.043942101825416271e-161 1.000000000000000000e+00
7.043942101825416271e-161 1.000000000000000000e+00
8.515920865500347345e-177 1.000000000000000000e+00
3.216631102088087416e-155 1.000000000000000000e+00
2.353678446726531530e-163 1.000000000000000000e+00
2.709688747043701999e-162 1.000000000000000000e+00
1.831100357484928606e-159 1.000000000000000000e+00
1.542518204889487554e-166 1.000000000000000000e+00
7.043942101825416271e-161 1.000000000000000000e+00
8.109387531113622798e-160 1.000000000000000000e+00
6.505229813757236294e-150 1.000000000000000000e+00
8.210387152766989615e-131 1.000000000000000000e+00
2.970626993049756988e-144 1.000000000000000000e+00
4.673847380497532438e-135 1.000000000000000000e+00
8.210387152766989615e-131 1.000000000000000000e+00
1.460253739813089063e-97 1.000000000000000000e+00
1.185983091348380371e-58 1.000000000000000000e+00
3.338320281854599062e-68 1.000000000000000000e+00
6.509106944927289935e-17 1.000000000000000000e+00
2.284001169836505851e-36 1.000000000000000000e+00
3.178955429027081124e-51 1.000000000000000000e+00
4.940094552869759822e-71 1.000000000000000000e+00
1.702065174844971991e-67 1.000000000000000000e+00
2.442721047672212318e-76 1.000000000000000000e+00
1.650694157588576085e-73 1.000000000000000000e+00
1.390544094635845354e-80 1.000000000000000000e+00
4.562282015321312509e-60 1.000000000000000000e+00
1.000000000000000000e+00 2.886325158518453840e-20
1.000000000000000000e+00 6.242868603449495585e-55
1.000000000000000000e+00 4.142313302300097322e-29
2.020496186198700709e-60 1.000000000000000000e+00
6.668279677094434395e-92 1.000000000000000000e+00
2.368995865497391852e-82 1.000000000000000000e+00
1.000000000000000000e+00 4.856788720401272979e-51
1.000000000000000000e+00 1.293415259723685056e-124
1.000000000000000000e+00 4.482675629068047278e-173
1.000000000000000000e+00 4.453691610632733259e-254
1.000000000000000000e+00 4.014898851027747539e-168
1.000000000000000000e+00 1.417968867438311077e-106
1.000000000000000000e+00 7.732010464068748032e-146
1.000000000000000000e+00 1.642091609717548528e-157
1.000000000000000000e+00 5.422654278541201280e-56
1.000000000000000000e+00 5.694498448849425672e-73
2.662214377600501529e-06 9.999973377856202772e-01
9.693278197788969264e-01 3.067218022110059644e-02
3.027198341232138907e-34 1.000000000000000000e+00
7.726863778190420005e-10 9.999999992273131966e-01
9.999999693122991751e-01 3.068770319170818397e-08
1.000000000000000000e+00 4.856788720401272979e-51
1.000000000000000000e+00 1.593479841218192463e-30
1.000000000000000000e+00 2.371986664372739125e-85
1.000000000000000000e+00 1.612365109309334838e-134
1.000000000000000000e+00 3.047112316953909660e-222
1.000000000000000000e+00 1.417124258284182241e-239
1.000000000000000000e+00 3.965509795749338494e-197
1.000000000000000000e+00 2.047023334459659760e-167
1.000000000000000000e+00 2.520418293849581750e-206
1.000000000000000000e+00 3.572685031467856674e-244
1.000000000000000000e+00 1.671370024998537166e-313
1.000000000000000000e+00 3.893722857769094057e-174
1.000000000000000000e+00 1.471612404087883437e-19
2.882685838718969016e-17 1.000000000000000000e+00
1.000000000000000000e+00 9.822241276761822079e-46
1.000000000000000000e+00 8.638013969976047058e-18
3.820690595309973483e-15 9.999999999999928946e-01
3.277887247163221110e-45 1.000000000000000000e+00
5.515666092500014804e-76 1.000000000000000000e+00
1.820345139054023947e-107 1.000000000000000000e+00
1.660447020299385336e-125 1.000000000000000000e+00
7.818439397669551742e-114 1.000000000000000000e+00
5.792173056719195576e-93 1.000000000000000000e+00
5.617356118779577631e-99 1.000000000000000000e+00
9.113137708592027196e-84 1.000000000000000000e+00
7.582466538847338084e-120 1.000000000000000000e+00
3.297254120279119770e-97 1.000000000000000000e+00
8.061755934148033693e-108 1.000000000000000000e+00
4.562282015321312509e-60 1.000000000000000000e+00
7.772516724365206004e-62 1.000000000000000000e+00
2.242654291682325235e-13 9.999999999997726263e-01
1.000000000000000000e+00 7.879255559854024772e-36
1.000000000000000000e+00 4.511848271535573583e-92
1.000000000000000000e+00 6.594565183430267416e-124
1.000000000000000000e+00 0.000000000000000000e+00
1.000000000000000000e+00 0.000000000000000000e+00
1.000000000000000000e+00 2.920532697899304075e-124
1.000000000000000000e+00 7.225303879820675256e-239
1.000000000000000000e+00 1.031464202615402463e-62
1.000000000000000000e+00 0.000000000000000000e+00
1.000000000000000000e+00 5.221874252402956745e-276
1.000000000000000000e+00 7.272325173419909618e-158
1.000000000000000000e+00 1.150954360084072703e-200
1.000000000000000000e+00 0.000000000000000000e+00
1.000000000000000000e+00 4.188909697562793522e-266
1.000000000000000000e+00 7.682016944063545341e-227
1.000000000000000000e+00 2.865954684329362144e-234
1.000000000000000000e+00 1.901638968684640602e-208
1.000000000000000000e+00 2.830699301924684220e-263
1.000000000000000000e+00 3.162388388949187009e-135
1.000000000000000000e+00 4.271225643298691002e-23
1.000000000000000000e+00 5.163787414952556410e-39
1.000000000000000000e+00 1.309524300185382789e-95
1.000000000000000000e+00 1.239685697491540645e-26
3.705376114170406464e-21 1.000000000000000000e+00
1.000000000000000000e+00 1.083172741636006466e-79
5.093834530295034937e-65 1.000000000000000000e+00
1.164513444564527935e-35 1.000000000000000000e+00
1.843016909222955561e-78 1.000000000000000000e+00
2.032433965114993988e-112 1.000000000000000000e+00
5.252359027605580462e-59 1.000000000000000000e+00
2.899717727447503397e-69 1.000000000000000000e+00
4.213364129887592425e-49 1.000000000000000000e+00
9.999999939811061722e-01 6.018887291129153452e-09
9.861800619693547043e-01 1.381993803064364076e-02
1.000000000000000000e+00 3.029214685940223566e-170
1.000000000000000000e+00 4.268681499806185120e-156
1.000000000000000000e+00 1.031464202615402463e-62
1.000000000000000000e+00 2.568416060381766753e-96
6.122125999706381349e-29 1.000000000000000000e+00
2.533622197275753881e-122 1.000000000000000000e+00
2.487756472836080760e-99 1.000000000000000000e+00
4.562282015321312509e-60 1.000000000000000000e+00
8.610797569116879213e-01 1.389202430883084982e-01
1.000000000000000000e+00 8.024522095479580936e-59
1.000000000000000000e+00 1.408800585102135366e-187
1.000000000000000000e+00 1.426346709951783503e-158
1.000000000000000000e+00 2.730766210448911706e-84
1.000000000000000000e+00 3.754024095896193289e-128
1.000000000000000000e+00 9.638686263656049958e-156
9.999999864093497282e-01 1.359065224681631407e-08
9.990716792872703775e-66 1.000000000000000000e+00
5.617356118779577631e-99 1.000000000000000000e+00
8.312644689830656408e-102 1.000000000000000000e+00
2.095685052429549420e-106 1.000000000000000000e+00
1.284196941287318672e-69 1.000000000000000000e+00
1.000000000000000000e+00 5.519339946292579715e-212
1.000000000000000000e+00 4.139845945071929127e-162
1.000000000000000000e+00 2.163632656548057700e-103
1.000000000000000000e+00 1.374353208267676807e-245
1.000000000000000000e+00 3.280070569783237680e-181
1.000000000000000000e+00 2.137016849566702426e-132
1.000000000000000000e+00 0.000000000000000000e+00
1.000000000000000000e+00 1.332873056144436652e-251
1.000000000000000000e+00 1.516506402528060801e-146
1.000000000000000000e+00 1.986424142638851883e-40
1.000000000000000000e+00 2.867662799582878037e-101
1.000000000000000000e+00 6.086593083185961000e-246
1.000000000000000000e+00 1.868326790908122223e-52
1.000000000000000000e+00 1.789648283849780771e-87
1.000000000000000000e+00 3.301416822312997022e-100
1.000000000000000000e+00 1.704213990164997703e-70
1.000000000000000000e+00 8.959460989430304139e-64
1.000000000000000000e+00 2.585130962294820913e-15
1.000000000000000000e+00 1.444111365728019006e-129
1.000000000000000000e+00 9.292870039372527838e-110
1.000000000000000000e+00 8.740388160962559526e-122
1.000000000000000000e+00 1.261789234488956133e-182
1.000000000000000000e+00 9.758732772975490065e-127
1.000000000000000000e+00 4.766026551956383503e-161
1.000000000000000000e+00 2.901649160353979222e-205
1.000000000000000000e+00 1.018168872130211935e-224
1.000000000000000000e+00 4.347381393273941917e-179
1.000000000000000000e+00 1.179802372605579841e-142
1.000000000000000000e+00 1.925323225433827459e-179
1.000000000000000000e+00 3.260804626595876554e-129
1.000000000000000000e+00 8.372315137026993411e-157
1.000000000000000000e+00 8.476589431223303745e-128
1.000000000000000000e+00 3.201774844408074560e-106
1.000000000000000000e+00 1.123480924810058802e-125
1.000000000000000000e+00 8.372315137026993411e-157
1.000000000000000000e+00 7.229610176706038855e-106
2.215066404444818263e-42 1.000000000000000000e+00
1.340654234612659282e-34 1.000000000000000000e+00
3.659794635655684715e-50 1.000000000000000000e+00
7.401472043418731031e-45 1.000000000000000000e+00
1.156983950590632680e-116 1.000000000000000000e+00
5.218398401533221486e-140 1.000000000000000000e+00
4.616352306477849302e-164 1.000000000000000000e+00
6.425206090428639269e-179 1.000000000000000000e+00
2.173671927211809522e-152 1.000000000000000000e+00
1.946844618087226689e-147 1.000000000000000000e+00
1.495962567366533963e-172 1.000000000000000000e+00
9.335989021370422895e-159 1.000000000000000000e+00
9.166981226808217056e-136 1.000000000000000000e+00
7.582466538847338084e-120 1.000000000000000000e+00
4.762854128275714300e-25 1.000000000000000000e+00
2.109323485328825768e-25 1.000000000000000000e+00
4.704264142690577392e-54 1.000000000000000000e+00
1.095280519476729276e-47 1.000000000000000000e+00
1.425397286772922264e-22 1.000000000000000000e+00
1.478440695939328479e-68 1.000000000000000000e+00
4.479691813056364660e-37 1.000000000000000000e+00
1.049156342217709246e-82 1.000000000000000000e+00
4.562282015321312509e-60 1.000000000000000000e+00
1.207848565020427701e-81 1.000000000000000000e+00
9.867816545009723682e-95 1.000000000000000000e+00
9.999999999996589395e-01 3.426313551972197598e-13
1.000000000000000000e+00 1.187480365761091135e-61
9.999999999996589395e-01 3.426313551972197598e-13
5.548254524407496777e-128 1.000000000000000000e+00
7.489191247762332054e-149 1.000000000000000000e+00
7.864633397755944594e-166 1.000000000000000000e+00
2.282640710986589198e-169 1.000000000000000000e+00
1.775834854464608433e-165 1.000000000000000000e+00
9.804013361321331267e-176 1.000000000000000000e+00
5.581035499859743330e-180 1.000000000000000000e+00
3.657614689312096048e-183 1.000000000000000000e+00
5.754722109003744969e-174 1.000000000000000000e+00
4.210854451437422103e-182 1.000000000000000000e+00
3.771442793965335752e-177 1.000000000000000000e+00
4.616352306477849302e-164 1.000000000000000000e+00
1.514594264609554679e-143 1.000000000000000000e+00
1.442290509518406934e-126 1.000000000000000000e+00
5.060898889590964683e-146 1.000000000000000000e+00
6.118479372637951759e-162 1.000000000000000000e+00
1.888085770336058720e-153 1.000000000000000000e+00
1.722237351677920384e-171 1.000000000000000000e+00
2.044442276489873275e-164 1.000000000000000000e+00
1.590522693762367612e-160 1.000000000000000000e+00
3.316735419470673296e-149 1.000000000000000000e+00
1.042372722506123754e-163 1.000000000000000000e+00
5.314607827865980005e-163 1.000000000000000000e+00
3.591401523187801020e-160 1.000000000000000000e+00
1.042372722506123754e-163 1.000000000000000000e+00
1.128693884161871987e-174 1.000000000000000000e+00
1.590522693762367612e-160 1.000000000000000000e+00
1.094628118727888717e-180 1.000000000000000000e+00
1.542518204889487554e-166 1.000000000000000000e+00
1.237385114005995066e-156 1.000000000000000000e+00
4.186121421805484029e-130 1.000000000000000000e+00
2.297495825849319292e-88 1.000000000000000000e+00
1.000000000000000000e+00 1.224435772721657941e-55
1.000000000000000000e+00 2.553330117310433612e-44
1.000000000000000000e+00 4.349972442078653307e-46
1.000000000000000000e+00 1.309524300185382789e-95
1.000000000000000000e+00 1.309524300185382789e-95
1.000000000000000000e+00 9.944573900390831453e-17
1.000000000000000000e+00 1.278265779129061076e-20
1.000000000000000000e+00 4.268681499806185120e-156
1.000000000000000000e+00 7.454601843052718516e-100
1.000000000000000000e+00 4.062481781922185886e-272
1.000000000000000000e+00 5.868218651105189920e-200
1.000000000000000000e+00 2.663994707306820520e-142
1.000000000000000000e+00 4.268681499806185120e-156
1.000000000000000000e+00 8.901531037789005774e-145
1.000000000000000000e+00 1.435629180078785039e-77
1.000000000000000000e+00 0.000000000000000000e+00
1.000000000000000000e+00 2.746900506328853681e-136
1.000000000000000000e+00 5.070308264469991044e-16
1.000000000000000000e+00 1.998160612329241098e-92
1.000000000000000000e+00 4.014898851027747539e-168
1.000000000000000000e+00 0.000000000000000000e+00
1.000000000000000000e+00 3.280070569783237680e-181
9.999531768211366023e-01 4.682317886335751072e-05
8.263819234135457764e-50 1.000000000000000000e+00
1.115473747808266571e-70 1.000000000000000000e+00
3.158400985573049246e-132 1.000000000000000000e+00
6.467020456580929097e-98 1.000000000000000000e+00
2.134322320256617634e-129 1.000000000000000000e+00
1.291784413747597484e-121 1.000000000000000000e+00
2.032433965114993988e-112 1.000000000000000000e+00
1.000000000000000000e+00 5.324488906008541873e-33
1.000000000000000000e+00 3.823235466300810346e-151
1.000000000000000000e+00 5.728143483160977851e-125
1.000000000000000000e+00 1.810858459689543823e-191
1.000000000000000000e+00 7.503115376560594486e-19
1.000000000000000000e+00 2.415717989326721037e-108
1.000000000000000000e+00 7.276659495092288695e-25
1.238122598235743361e-23 1.000000000000000000e+00
4.850664875583360741e-48 1.000000000000000000e+00
3.027198341232138907e-34 1.000000000000000000e+00
1.776893255915362096e-32 1.000000000000000000e+00
1.723263808900768134e-38 1.000000000000000000e+00
1.571893260947603396e-56 1.000000000000000000e+00
1.382376543679050335e-28 1.000000000000000000e+00
3.421993368541497471e-10 9.999999996578026185e-01
3.442211670830649514e-62 1.000000000000000000e+00
1.000000000000000000e+00 1.083172741636006466e-79
1.000000000000000000e+00 1.050480876233549545e-85
1.000000000000000000e+00 3.424272677982029248e-146
1.000000000000000000e+00 1.621891510961937136e-186
1.000000000000000000e+00 1.480307190867366364e-71
1.000000000000000000e+00 3.598078764525754611e-30
1.000000000000000000e+00 2.920532697899304075e-124
1.000000000000000000e+00 1.631474197835256856e-238
1.000000000000000000e+00 4.398904770595133716e-283
1.000000000000000000e+00 8.071933702261891204e-111
1.000000000000000000e+00 2.490897204048022729e-102
5.653913107341914437e-18 1.000000000000000000e+00
1.000000000000000000e+00 6.320621376336268385e-26
1.000000000000000000e+00 4.218683398222137084e-52
1.000000000000000000e+00 1.779136539843714659e-35
2.109323485328825768e-25 1.000000000000000000e+00
1.000000000000000000e+00 1.914014576099021897e-127
1.000000000000000000e+00 6.316856516062864796e-159
5.218398401533221486e-140 1.000000000000000000e+00
4.059777660725134553e-136 1.000000000000000000e+00
6.916426836223983331e-138 1.000000000000000000e+00
9.166981226808217056e-136 1.000000000000000000e+00
3.818414811741310426e-148 1.000000000000000000e+00
2.502454984505220900e-151 1.000000000000000000e+00
1.000000000000000000e+00 0.000000000000000000e+00
1.000000000000000000e+00 0.000000000000000000e+00
6.114834917671945577e-295 1.000000000000000000e+00
6.114834917671945577e-295 1.000000000000000000e+00
6.114834917671945577e-295 1.000000000000000000e+00
6.114834917671945577e-295 1.000000000000000000e+00
6.114834917671945577e-295 1.000000000000000000e+00
6.114834917671945577e-295 1.000000000000000000e+00
6.114834917671945577e-295 1.000000000000000000e+00
6.114834917671945577e-295 1.000000000000000000e+00
6.114834917671945577e-295 1.000000000000000000e+00
6.114834917671945577e-295 1.000000000000000000e+00
6.114834917671945577e-295 1.000000000000000000e+00
6.114834917671945577e-295 1.000000000000000000e+00
6.114834917671945577e-295 1.000000000000000000e+00
6.114834917671945577e-295 1.000000000000000000e+00
6.114834917671945577e-295 1.000000000000000000e+00
6.114834917671945577e-295 1.000000000000000000e+00
6.114834917671945577e-295 1.000000000000000000e+00
6.114834917671945577e-295 1.000000000000000000e+00
6.114834917671945577e-295 1.000000000000000000e+00
6.114834917671945577e-295 1.000000000000000000e+00
6.114834917671945577e-295 1.000000000000000000e+00
6.114834917671945577e-295 1.000000000000000000e+00
6.114834917671945577e-295 1.000000000000000000e+00
6.114834917671945577e-295 1.000000000000000000e+00
6.114834917671945577e-295 1.000000000000000000e+00
6.114834917671945577e-295 1.000000000000000000e+00
6.114834917671945577e-295 1.000000000000000000e+00
6.114834917671945577e-295 1.000000000000000000e+00
6.114834917671945577e-295 1.000000000000000000e+00
1.000000000000000000e+00 0.000000000000000000e+00
5.486772115130316152e-01 4.513227884869624451e-01
4.238258118708871802e-101 1.000000000000000000e+00
1.373438393670442708e-109 1.000000000000000000e+00
4.059777660725134553e-136 1.000000000000000000e+00
9.113137708592027196e-84 1.000000000000000000e+00
6.118479372637951759e-162 1.000000000000000000e+00
1.640021123481224035e-154 1.000000000000000000e+00
2.082134802711864744e-187 1.000000000000000000e+00
2.502454984505220900e-151 1.000000000000000000e+00
3.462549428547682816e-114 1.000000000000000000e+00
1.055355114849686038e-134 1.000000000000000000e+00
4.370156344645550000e-95 1.000000000000000000e+00
2.174967440428566367e-19 1.000000000000000000e+00
1.000000000000000000e+00 2.903378549590551915e-72
1.000000000000000000e+00 2.507107623806372985e-21
1.000000000000000000e+00 8.797269416708356654e-41
1.000000000000000000e+00 1.130792385656163461e-44
1.000000000000000000e+00 2.781112203671464588e-107
1.000000000000000000e+00 1.333667451396801681e-118
1.000000000000000000e+00 4.975555908702350058e-126
1.000000000000000000e+00 4.946331300448212114e-74
1.000000000000000000e+00 5.591411928307985167e-50
2.935832710514978589e-40 1.000000000000000000e+00
1.000000000000000000e+00 9.944573900390831453e-17
9.999999998974615778e-01 1.025405756419393220e-10
1.000000000000000000e+00 3.731974321845742534e-76
1.000000000000000000e+00 5.694498448849425672e-73
1.000000000000000000e+00 9.644430941719414833e-23
1.000000000000000000e+00 4.652260857567797443e-86
1.000000000000000000e+00 2.329047000028796674e-62
2.242654291682325235e-13 9.999999999997726263e-01
1.164513444564527935e-35 1.000000000000000000e+00
5.093834530295034937e-65 1.000000000000000000e+00
1.207848565020427701e-81 1.000000000000000000e+00
5.123930637808027384e-117 1.000000000000000000e+00
1.291784413747597484e-121 1.000000000000000000e+00
4.732058535811941073e-106 1.000000000000000000e+00
5.687318349647228208e-70 1.000000000000000000e+00
1.245437847801649660e-75 1.000000000000000000e+00
1.150188247089845565e-64 1.000000000000000000e+00
4.012226402591081993e-32 1.000000000000000000e+00
4.646394898561951140e-83 1.000000000000000000e+00
6.467020456580929097e-98 1.000000000000000000e+00
3.399867495102609556e-91 1.000000000000000000e+00
1.291784413747597484e-121 1.000000000000000000e+00
1.398759902261330590e-132 1.000000000000000000e+00
2.095685052429549420e-106 1.000000000000000000e+00
1.291784413747597484e-121 1.000000000000000000e+00
4.589237529722316816e-112 1.000000000000000000e+00
6.387466763537929627e-127 1.000000000000000000e+00
4.110340789707010935e-107 1.000000000000000000e+00
2.368995865497391852e-82 1.000000000000000000e+00
1.820345139054023947e-107 1.000000000000000000e+00
4.035932001286796290e-84 1.000000000000000000e+00
8.838088808354143285e-90 1.000000000000000000e+00
3.505674286112051474e-85 1.000000000000000000e+00
2.326110343068223482e-59 1.000000000000000000e+00
1.524451037802002213e-62 1.000000000000000000e+00
2.029113020687371011e-02 9.797088697931221057e-01
1.000000000000000000e+00 1.427196815705957696e-25
5.001621724782618820e-42 1.000000000000000000e+00
1.000000000000000000e+00 2.217862871170507669e-45
3.843264535286918193e-67 1.000000000000000000e+00
1.571893260947603396e-56 1.000000000000000000e+00
1.000000000000000000e+00 9.071047982485605019e-35
8.678094415226709118e-67 1.000000000000000000e+00
2.882685838718969016e-17 1.000000000000000000e+00
1.000000000000000000e+00 1.714283066256113503e-122
1.000000000000000000e+00 1.643070299901660898e-24
5.317775345733289124e-30 1.000000000000000000e+00
8.312644689830656408e-102 1.000000000000000000e+00
3.256693131809921005e-126 1.000000000000000000e+00
5.283391751789446253e-111 1.000000000000000000e+00
4.790994690964169243e-77 1.000000000000000000e+00
2.864047010841445252e-98 1.000000000000000000e+00
4.424585132968400734e-66 1.000000000000000000e+00
5.093834530295034937e-65 1.000000000000000000e+00
1.469756872271790000e-16 1.000000000000000000e+00
1.000000000000000000e+00 4.041027265933526785e-87
1.000000000000000000e+00 9.822241276761822079e-46
1.000000000000000000e+00 3.241651844570147564e-77
1.000000000000000000e+00 3.143813668154953236e-83
1.000000000000000000e+00 4.568041783883733873e-63
1.000000000000000000e+00 4.946331300448212114e-74
1.000000000000000000e+00 7.925808882511323609e-88
1.515496965867977019e-10 9.999999998484483399e-01
1.004974534689525159e-117 1.000000000000000000e+00
1.712121555004069749e-119 1.000000000000000000e+00
2.134322320256617634e-129 1.000000000000000000e+00
2.382992699090499121e-134 1.000000000000000000e+00
3.419955069022410654e-143 1.000000000000000000e+00
4.819301517673636514e-129 1.000000000000000000e+00
2.134322320256617634e-129 1.000000000000000000e+00
1.004974534689525159e-117 1.000000000000000000e+00
9.452265541054032850e-130 1.000000000000000000e+00
7.818439397669551742e-114 1.000000000000000000e+00
2.339853794403649523e-111 1.000000000000000000e+00
1.382376543679050335e-28 1.000000000000000000e+00
1.000000000000000000e+00 5.422654278541201280e-56
1.000000000000000000e+00 3.919062675818103212e-93
1.000000000000000000e+00 1.301832630074821484e-43
5.687318349647228208e-70 1.000000000000000000e+00
7.960987627165826749e-04 9.992039012372846418e-01
2.215066404444818263e-42 1.000000000000000000e+00
2.812199663149761348e-75 1.000000000000000000e+00
7.089783117667586051e-80 1.000000000000000000e+00
7.915815360777185269e-85 1.000000000000000000e+00
3.914121194306623600e-90 1.000000000000000000e+00
1.460253739813089063e-97 1.000000000000000000e+00
4.911078231746692954e-19 1.000000000000000000e+00
1.101751809440633940e-99 1.000000000000000000e+00
2.828815095573673955e-127 1.000000000000000000e+00
5.317775345733289124e-30 1.000000000000000000e+00
7.676903541472752974e-91 1.000000000000000000e+00
1.660447020299385336e-125 1.000000000000000000e+00
5.898960926124353514e-116 1.000000000000000000e+00
4.134626081583983196e-159 1.000000000000000000e+00
7.582466538847338084e-120 1.000000000000000000e+00
4.186121421805484029e-130 1.000000000000000000e+00
3.570306935063738728e-108 1.000000000000000000e+00
1.723263808900768134e-38 1.000000000000000000e+00
1.340654234612659282e-34 1.000000000000000000e+00
1.017491145515924702e-88 1.000000000000000000e+00
1.876995840288436507e-101 1.000000000000000000e+00
2.795681823741053561e-23 1.000000000000000000e+00
1.000000000000000000e+00 5.490191565218984361e-27
1.000000000000000000e+00 7.187146072374941868e-54
9.999999999999857891e-01 1.318046505979041413e-14
1.000000000000000000e+00 3.086901753053814897e-60
2.795681823741053561e-23 1.000000000000000000e+00
1.011514772088725309e-36 1.000000000000000000e+00
3.593542006337360756e-27 1.000000000000000000e+00
6.234997073366663026e-52 1.000000000000000000e+00
6.429035527284802909e-46 1.000000000000000000e+00
2.121786086149778566e-77 1.000000000000000000e+00
8.416175809206622462e-73 1.000000000000000000e+00
1.620811926747740091e-50 1.000000000000000000e+00
3.962870222292326688e-61 1.000000000000000000e+00
9.281152812762199876e-107 1.000000000000000000e+00
2.565177586920922751e-93 1.000000000000000000e+00
3.681417947560278452e-102 1.000000000000000000e+00
1.487175826590979525e-120 1.000000000000000000e+00
5.617356118779577631e-99 1.000000000000000000e+00
2.442721047672212318e-76 1.000000000000000000e+00
3.121407348703969485e-28 1.000000000000000000e+00
1.000000000000000000e+00 1.834504794144264634e-29
1.000000000000000000e+00 1.602894662281439138e-82
1.000000000000000000e+00 4.375673559289533140e-98
1.000000000000000000e+00 7.641447173127666278e-42
9.999999999998507860e-01 1.517410243655686550e-13
5.063915196376957551e-13 9.999999999994955147e-01
7.310423246069000570e-74 1.000000000000000000e+00
4.186121421805484029e-130 1.000000000000000000e+00
3.681417947560278452e-102 1.000000000000000000e+00
4.035932001286796290e-84 1.000000000000000000e+00
1.000000000000000000e+00 3.125348048527033658e-31
1.000000000000000000e+00 4.041027265933526785e-87
1.000000000000000000e+00 7.727404913870994225e-279
1.000000000000000000e+00 6.437152026143447122e-49
1.889211073577769359e-20 1.000000000000000000e+00
3.178955429027081124e-51 1.000000000000000000e+00
6.011262076082142307e-06 9.999939887379184489e-01
2.518740620720102888e-70 1.000000000000000000e+00
6.791219957424727496e-115 1.000000000000000000e+00
1.660447020299385336e-125 1.000000000000000000e+00
2.200744260528783694e-123 1.000000000000000000e+00
1.088198670735371711e-128 1.000000000000000000e+00
1.088198670735371711e-128 1.000000000000000000e+00
2.007432091550129661e-141 1.000000000000000000e+00
9.001032951112299014e-113 1.000000000000000000e+00
2.121786086149778566e-77 1.000000000000000000e+00
7.869320736433246160e-33 1.000000000000000000e+00
1.316384602855733952e-11 9.999999999868336431e-01
3.101224998784798018e-109 1.000000000000000000e+00
1.214984945296636589e-133 1.000000000000000000e+00
7.043942101825416271e-161 1.000000000000000000e+00
3.703169017348600797e-154 1.000000000000000000e+00
1.424548252903724712e-155 1.000000000000000000e+00
1.982737777145520799e-170 1.000000000000000000e+00
3.657614689312096048e-183 1.000000000000000000e+00
4.210854451437422103e-182 1.000000000000000000e+00
1.670257506241377950e-177 1.000000000000000000e+00
4.083764208429832652e-188 1.000000000000000000e+00
1.339855677701986842e-167 1.000000000000000000e+00
5.218398401533221486e-140 1.000000000000000000e+00
2.794016583755195666e-156 1.000000000000000000e+00
4.134626081583983196e-159 1.000000000000000000e+00
1.640021123481224035e-154 1.000000000000000000e+00
1.640021123481224035e-154 1.000000000000000000e+00
2.471671173470217587e-180 1.000000000000000000e+00
4.477023497274478604e-170 1.000000000000000000e+00
4.134626081583983196e-159 1.000000000000000000e+00
3.818414811741310426e-148 1.000000000000000000e+00
9.746428147725856955e-124 1.000000000000000000e+00
1.291784413747597484e-121 1.000000000000000000e+00
1.115473747808266571e-70 1.000000000000000000e+00
1.000000000000000000e+00 3.384164946071602982e-42
1.000000000000000000e+00 4.218683398222137084e-52
1.000000000000000000e+00 8.426801023678533111e-76
1.000000000000000000e+00 2.746900506328853681e-136
1.000000000000000000e+00 3.301416822312997022e-100
1.000000000000000000e+00 1.096663284129698878e-50
5.093834530295034937e-65 1.000000000000000000e+00
7.772516724365206004e-62 1.000000000000000000e+00
1.000000000000000000e+00 3.260804626595876554e-129
1.000000000000000000e+00 1.844244498886046347e-214
1.000000000000000000e+00 1.172872641980626925e-90
1.000000000000000000e+00 2.150924264170574415e-51
9.999999999910897941e-01 8.906836369648496835e-12
1.000000000000000000e+00 2.358054476229014578e-33
1.000000000000000000e+00 1.986424142638851883e-40
4.137090327756464496e-26 1.000000000000000000e+00
1.795793173140367884e-03 9.982042068268552892e-01
5.063915196376957551e-13 9.999999999994955147e-01
7.537929884411977134e-68 1.000000000000000000e+00
1.000000000000000000e+00 9.944573900390831453e-17
2.612470692025125008e-116 1.000000000000000000e+00
9.001032951112299014e-113 1.000000000000000000e+00
1.291784413747597484e-121 1.000000000000000000e+00
3.419955069022410654e-143 1.000000000000000000e+00
1.178314779246227887e-139 1.000000000000000000e+00
1.178314779246227887e-139 1.000000000000000000e+00
3.158400985573049246e-132 1.000000000000000000e+00
1.398759902261330590e-132 1.000000000000000000e+00
1.610332104729448942e-131 1.000000000000000000e+00
3.297254120279119770e-97 1.000000000000000000e+00
1.843016909222955561e-78 1.000000000000000000e+00
1.108921860162824102e-18 1.000000000000000000e+00
1.382376543679050335e-28 1.000000000000000000e+00
1.959514417710242945e-66 1.000000000000000000e+00
2.899717727447503397e-69 1.000000000000000000e+00
3.083009529530803632e-57 1.000000000000000000e+00
9.281152812762199876e-107 1.000000000000000000e+00
5.221505851963364716e-07 9.999994778494083469e-01
8.366742249323386545e-21 1.000000000000000000e+00
6.509106944927289935e-17 1.000000000000000000e+00
4.762854128275714300e-25 1.000000000000000000e+00
2.174967440428566367e-19 1.000000000000000000e+00
4.316397109039906563e-124 1.000000000000000000e+00
1.478440695939328479e-68 1.000000000000000000e+00
1.478440695939328479e-68 1.000000000000000000e+00
8.366742249323386545e-21 1.000000000000000000e+00
9.938320790916150838e-01 6.167920908378415369e-03
3.064807118020229832e-05 9.999693519288187504e-01
9.999996467057938876e-01 3.532942118780103563e-07
1.692067862211147626e-15 1.000000000000000000e+00
1.948004941730453800e-14 9.999999999999786837e-01
1.691059986766645568e-148 1.000000000000000000e+00
7.263155618509597987e-155 1.000000000000000000e+00
2.007432091550129661e-141 1.000000000000000000e+00
1.468881415740741149e-149 1.000000000000000000e+00
7.962584691180934381e-137 1.000000000000000000e+00
3.570306935063738728e-108 1.000000000000000000e+00
4.186121421805484029e-130 1.000000000000000000e+00
1.142751376767969070e-145 1.000000000000000000e+00
3.526387002555667490e-137 1.000000000000000000e+00
1.533458013208490202e-114 1.000000000000000000e+00
6.082541647079438814e-110 1.000000000000000000e+00
9.999999693122991751e-01 3.068770319170818397e-08
1.000000000000000000e+00 8.531753920779802915e-47
3.820690595309973483e-15 9.999999999999928946e-01
4.850664875583360741e-48 1.000000000000000000e+00
3.462549428547682816e-114 1.000000000000000000e+00
7.722261299564951985e-143 1.000000000000000000e+00
2.069905099128173912e-135 1.000000000000000000e+00
1.743687223230236113e-142 1.000000000000000000e+00
1.055355114849686038e-134 1.000000000000000000e+00
2.311070212880184873e-140 1.000000000000000000e+00
2.382992699090499121e-134 1.000000000000000000e+00
6.158297603085661822e-81 1.000000000000000000e+00
2.428373391452229015e-24 1.000000000000000000e+00
5.483269073202693098e-24 1.000000000000000000e+00
4.479691813056364660e-37 1.000000000000000000e+00
1.000000000000000000e+00 5.486921348117441802e-160
1.000000000000000000e+00 7.828309984651003503e-117
9.972589960874700399e-01 2.741003912536084559e-03
3.939593746429443862e-09 9.999999960604029070e-01
1.000000000000000000e+00 1.427196815705957696e-25
1.000000000000000000e+00 6.637481715496787866e-43
1.000000000000000000e+00 7.782329335107339050e-65
3.379897908292968382e-39 1.000000000000000000e+00
1.238122598235743361e-23 1.000000000000000000e+00
1.108921860162824102e-18 1.000000000000000000e+00
8.014404107886388423e-56 1.000000000000000000e+00
1.142751376767969070e-145 1.000000000000000000e+00
2.457153474726751900e-128 1.000000000000000000e+00
1.142751376767969070e-145 1.000000000000000000e+00
1.691059986766645568e-148 1.000000000000000000e+00
1.214984945296636589e-133 1.000000000000000000e+00
7.353615713878987939e-126 1.000000000000000000e+00
2.339853794403649523e-111 1.000000000000000000e+00
3.865971849779948822e-119 1.000000000000000000e+00
2.916850246374812844e-121 1.000000000000000000e+00
3.570306935063738728e-108 1.000000000000000000e+00
8.838088808354143285e-90 1.000000000000000000e+00
8.061755934148033693e-108 1.000000000000000000e+00
1.442290509518406934e-126 1.000000000000000000e+00
2.953178609047246248e-92 1.000000000000000000e+00
1.192990282967280581e-110 1.000000000000000000e+00
3.681417947560278452e-102 1.000000000000000000e+00
3.007625126535062922e-115 1.000000000000000000e+00
1.055355114849686038e-134 1.000000000000000000e+00
2.339853794403649523e-111 1.000000000000000000e+00
4.370156344645550000e-95 1.000000000000000000e+00
1.049156342217709246e-82 1.000000000000000000e+00
1.809653092869783409e-55 1.000000000000000000e+00
8.263819234135457764e-50 1.000000000000000000e+00
2.083375759601490369e-54 1.000000000000000000e+00
1.924041667109467774e-43 1.000000000000000000e+00
9.226638692122079847e-55 1.000000000000000000e+00
9.990716792872703775e-66 1.000000000000000000e+00
1.017491145515924702e-88 1.000000000000000000e+00
7.002568544330275631e-109 1.000000000000000000e+00
3.358044213900981549e-120 1.000000000000000000e+00
3.865971849779948822e-119 1.000000000000000000e+00
6.467020456580929097e-98 1.000000000000000000e+00
9.569990244641756306e-101 1.000000000000000000e+00
5.283391751789446253e-111 1.000000000000000000e+00
1.505698088010886195e-91 1.000000000000000000e+00
2.095685052429549420e-106 1.000000000000000000e+00
8.312644689830656408e-102 1.000000000000000000e+00
9.990716792872703775e-66 1.000000000000000000e+00
1.245437847801649660e-75 1.000000000000000000e+00
4.879324254043432566e-100 1.000000000000000000e+00
5.617356118779577631e-99 1.000000000000000000e+00
9.396746366401717067e-78 1.000000000000000000e+00
1.062223222201518558e-53 1.000000000000000000e+00
7.089783117667586051e-80 1.000000000000000000e+00
1.129366588180795012e-41 1.000000000000000000e+00
3.962870222292326688e-61 1.000000000000000000e+00
2.629472295482046414e-35 1.000000000000000000e+00
3.139849685339420596e-80 1.000000000000000000e+00
3.237564499208291509e-74 1.000000000000000000e+00
2.029113020687371011e-02 9.797088697931221057e-01
9.999999999982520649e-01 1.746929138766113035e-12
1.650694157588576085e-73 1.000000000000000000e+00
1.451676739720840999e-45 1.000000000000000000e+00
1.000000000000000000e+00 7.828309984651003503e-117
1.000000000000000000e+00 4.139845945071929127e-162
1.000000000000000000e+00 2.714726681565344165e-32
1.000000000000000000e+00 3.686065646956311806e-105
1.000000000000000000e+00 3.220692019549238521e-158
1.000000000000000000e+00 7.454601843052718516e-100
1.000000000000000000e+00 4.917278346937340252e-22
6.835416291973982785e-34 1.000000000000000000e+00
1.340654234612659282e-34 1.000000000000000000e+00
1.129366588180795012e-41 1.000000000000000000e+00
1.115473747808266571e-70 1.000000000000000000e+00
2.121786086149778566e-77 1.000000000000000000e+00
1.543437549107653179e-33 1.000000000000000000e+00
2.008628485113978968e-08 9.999999799137102574e-01
6.429035527284802909e-46 1.000000000000000000e+00
9.999992022617389953e-01 7.977382603394350960e-07
3.027198341232138907e-34 1.000000000000000000e+00
3.083009529530803632e-57 1.000000000000000000e+00
9.999999998974615778e-01 1.025405756419393220e-10
1.000000000000000000e+00 1.110321846672098573e-21
1.000000000000000000e+00 1.694204056171220144e-18
9.938320790916150838e-01 6.167920908378415369e-03
1.291784413747597484e-121 1.000000000000000000e+00
7.722261299564951985e-143 1.000000000000000000e+00
4.760017147662324395e-158 1.000000000000000000e+00
7.263155618509597987e-155 1.000000000000000000e+00
1.722237351677920384e-171 1.000000000000000000e+00
8.258896913538245430e-183 1.000000000000000000e+00
2.213747006395343126e-175 1.000000000000000000e+00
5.314607827865980005e-163 1.000000000000000000e+00
1.094628118727888717e-180 1.000000000000000000e+00
2.709688747043701999e-162 1.000000000000000000e+00
9.804013361321331267e-176 1.000000000000000000e+00
3.703169017348600797e-154 1.000000000000000000e+00
2.282640710986589198e-169 1.000000000000000000e+00
5.314607827865980005e-163 1.000000000000000000e+00
1.590522693762367612e-160 1.000000000000000000e+00
6.831344795556645346e-167 1.000000000000000000e+00
1.237385114005995066e-156 1.000000000000000000e+00
1.691059986766645568e-148 1.000000000000000000e+00
5.380799433307350825e-134 1.000000000000000000e+00
7.043942101825416271e-161 1.000000000000000000e+00
7.263155618509597987e-155 1.000000000000000000e+00
5.754722109003744969e-174 1.000000000000000000e+00
2.548591699248956175e-174 1.000000000000000000e+00
1.237385114005995066e-156 1.000000000000000000e+00
3.483007348660121367e-166 1.000000000000000000e+00
2.146932622700825465e-181 1.000000000000000000e+00
6.231283214957691145e-185 1.000000000000000000e+00
8.109387531113622798e-160 1.000000000000000000e+00
3.177061893199572094e-184 1.000000000000000000e+00
3.888813326814627475e-171 1.000000000000000000e+00
2.108067072749593811e-158 1.000000000000000000e+00
4.760017147662324395e-158 1.000000000000000000e+00
1.702065174844971991e-67 1.000000000000000000e+00
1.260949346164915137e-46 1.000000000000000000e+00
1.487175826590979525e-120 1.000000000000000000e+00
3.358044213900981549e-120 1.000000000000000000e+00
4.316397109039906563e-124 1.000000000000000000e+00
1.982737777145520799e-170 1.000000000000000000e+00
6.114834917671945577e-295 1.000000000000000000e+00
1.945684985586353982e-280 1.000000000000000000e+00
1.743687223230236113e-142 1.000000000000000000e+00
9.990716792872703775e-66 1.000000000000000000e+00
6.920070134875927600e-05 9.999307992986455895e-01
8.786177084751978825e-38 1.000000000000000000e+00
8.263819234135457764e-50 1.000000000000000000e+00
1.000000000000000000e+00 1.834504794144264634e-29
2.473144294885843400e-47 1.000000000000000000e+00
2.795681823741053561e-23 1.000000000000000000e+00
1.681127314609659742e-96 1.000000000000000000e+00
3.865971849779948822e-119 1.000000000000000000e+00
1.315600502100633193e-144 1.000000000000000000e+00
6.505229813757236294e-150 1.000000000000000000e+00
8.621983719459879004e-148 1.000000000000000000e+00
2.173671927211809522e-152 1.000000000000000000e+00
4.847775590745240122e-181 1.000000000000000000e+00
4.701462061035667835e-187 1.000000000000000000e+00
5.480002979461479075e-157 1.000000000000000000e+00
1.468881415740741149e-149 1.000000000000000000e+00
5.218398401533221486e-140 1.000000000000000000e+00
7.353615713878987939e-126 1.000000000000000000e+00
1.743687223230236113e-142 1.000000000000000000e+00
9.001032951112299014e-113 1.000000000000000000e+00
2.612470692025125008e-116 1.000000000000000000e+00
1.381553134994634045e-161 1.000000000000000000e+00
1.068499198406781275e-105 1.000000000000000000e+00
1.101751809440633940e-99 1.000000000000000000e+00
2.487756472836080760e-99 1.000000000000000000e+00
3.505674286112051474e-85 1.000000000000000000e+00
2.148212199232677520e-48 1.000000000000000000e+00
1.755034902195849962e-61 1.000000000000000000e+00
1.324162250990025072e-63 1.000000000000000000e+00
8.366742249323386545e-21 1.000000000000000000e+00
5.486772115130316152e-01 4.513227884869624451e-01
5.157276480542536269e-36 1.000000000000000000e+00
1.671252983362041386e-44 1.000000000000000000e+00
1.809653092869783409e-55 1.000000000000000000e+00
1.496854164322402306e-39 1.000000000000000000e+00
6.122125999706381349e-29 1.000000000000000000e+00
1.276654034884442686e-17 1.000000000000000000e+00
1.000000000000000000e+00 5.871716122237033862e-67
1.000000000000000000e+00 6.166072301981074512e-84
1.000000000000000000e+00 7.140675528566346155e-135
9.861800619693547043e-01 1.381993803064364076e-02
1.983919493191764627e-37 1.000000000000000000e+00
1.382376543679050335e-28 1.000000000000000000e+00
3.891131068050309733e-38 1.000000000000000000e+00
2.795681823741053561e-23 1.000000000000000000e+00
1.795793173140367884e-03 9.982042068268552892e-01
3.421993368541497471e-10 9.999999996578026185e-01
4.704264142690577392e-54 1.000000000000000000e+00
2.121786086149778566e-77 1.000000000000000000e+00
7.002568544330275631e-109 1.000000000000000000e+00
5.687318349647228208e-70 1.000000000000000000e+00
4.506159356444242891e-89 1.000000000000000000e+00
1.820345139054023947e-107 1.000000000000000000e+00
2.502454984505220900e-151 1.000000000000000000e+00
2.612470692025125008e-116 1.000000000000000000e+00
2.146932622700825465e-181 1.000000000000000000e+00
1.590522693762367612e-160 1.000000000000000000e+00
1.299416715577300615e-173 1.000000000000000000e+00
2.934083990049071781e-173 1.000000000000000000e+00
2.241318460986222204e-146 1.000000000000000000e+00
4.673847380497532438e-135 1.000000000000000000e+00
7.722261299564951985e-143 1.000000000000000000e+00
4.760017147662324395e-158 1.000000000000000000e+00
2.794016583755195666e-156 1.000000000000000000e+00
2.457153474726751900e-128 1.000000000000000000e+00
1.088198670735371711e-128 1.000000000000000000e+00
1.192990282967280581e-110 1.000000000000000000e+00
1.505698088010886195e-91 1.000000000000000000e+00
3.614773875166302127e-79 1.000000000000000000e+00
2.284001169836505851e-36 1.000000000000000000e+00
2.761290899026146048e-52 1.000000000000000000e+00
1.000000000000000000e+00 1.239685697491540645e-26
1.000000000000000000e+00 7.276659495092288695e-25
1.000000000000000000e+00 2.217862871170507669e-45
3.962870222292326688e-61 1.000000000000000000e+00
3.045084058999409689e-86 1.000000000000000000e+00
6.751330798018345070e-63 1.000000000000000000e+00
1.000000000000000000e+00 9.353346771937071470e-29
1.000000000000000000e+00 1.961988256351264369e-69
1.000000000000000000e+00 7.229610176706038855e-106
1.000000000000000000e+00 1.209373444054561974e-84
9.932034951135870411e-14 9.999999999999005240e-01
1.000000000000000000e+00 8.959460989430304139e-64
7.267484475120460677e-22 1.000000000000000000e+00
1.000000000000000000e+00 3.031020104508640085e-37
1.000000000000000000e+00 5.070308264469991044e-16
9.999992022617389953e-01 7.977382603394350960e-07
1.000000000000000000e+00 4.917278346937340252e-22
1.000000000000000000e+00 8.531753920779802915e-47
1.000000000000000000e+00 2.663994707306820520e-142
1.000000000000000000e+00 2.781112203671464588e-107
1.000000000000000000e+00 9.638686263656049958e-156
1.000000000000000000e+00 5.097227412135009633e-201
1.200754101248877674e-29 1.000000000000000000e+00
5.687318349647228208e-70 1.000000000000000000e+00
2.828815095573673955e-127 1.000000000000000000e+00
3.419955069022410654e-143 1.000000000000000000e+00
1.331985852097093977e-115 1.000000000000000000e+00
8.210387152766989615e-131 1.000000000000000000e+00
1.581180541149332068e-108 1.000000000000000000e+00
2.134322320256617634e-129 1.000000000000000000e+00
1.671252983362041386e-44 1.000000000000000000e+00
1.000000000000000000e+00 4.218683398222137084e-52
5.063915196376957551e-13 9.999999999994955147e-01
7.582466538847338084e-120 1.000000000000000000e+00
1.088198670735371711e-128 1.000000000000000000e+00
9.452265541054032850e-130 1.000000000000000000e+00
6.308891695829535609e-156 1.000000000000000000e+00
5.826395185851799144e-145 1.000000000000000000e+00
3.419955069022410654e-143 1.000000000000000000e+00
2.173671927211809522e-152 1.000000000000000000e+00
2.828815095573673955e-127 1.000000000000000000e+00
2.160904567805796557e-100 1.000000000000000000e+00
1.156983950590632680e-116 1.000000000000000000e+00
3.549336248890173487e-56 1.000000000000000000e+00
5.001621724782618820e-42 1.000000000000000000e+00
1.000000000000000000e+00 2.903378549590551915e-72
1.000000000000000000e+00 4.243608815092477872e-104
1.000000000000000000e+00 2.137016849566702426e-132
1.000000000000000000e+00 2.568416060381766753e-96
1.000000000000000000e+00 4.243608815092477872e-104
1.000000000000000000e+00 1.583176742599687213e-111
1.809653092869783409e-55 1.000000000000000000e+00
1.000000000000000000e+00 7.503115376560594486e-19
1.000000000000000000e+00 1.986424142638851883e-40
1.164513444564527935e-35 1.000000000000000000e+00
1.143432459081865055e-12 9.999999999988560262e-01
1.925333864523518235e-01 8.074666135476481488e-01
1.000000000000000000e+00 2.956906924235322483e-95
1.000000000000000000e+00 8.740388160962559526e-122
9.999999999982520649e-01 1.746929138766113035e-12
3.485083228646570985e-33 1.000000000000000000e+00
2.662214377600501529e-06 9.999973377856202772e-01
1.300191170777621326e-40 1.000000000000000000e+00
8.263819234135457764e-50 1.000000000000000000e+00
1.000000000000000000e+00 0.000000000000000000e+00
1.000000000000000000e+00 4.404149846864295713e-17
1.000000000000000000e+00 5.661051033244120913e-21
1.000000000000000000e+00 3.731974321845742534e-76
9.999999999982520649e-01 1.746929138766113035e-12
1.776893255915362096e-32 1.000000000000000000e+00
1.000000000000000000e+00 1.673362899050733730e-47
1.000000000000000000e+00 8.849246677573820920e-93
1.000000000000000000e+00 7.272325173419909618e-158
1.000000000000000000e+00 9.752920011357890007e-260
1.000000000000000000e+00 6.839969199948379566e-170
1.000000000000000000e+00 1.507598994725761450e-94
1.000000000000000000e+00 5.034524152161195984e-230
1.000000000000000000e+00 8.526672005642898009e-180
1.000000000000000000e+00 1.756203889139766531e-197
1.000000000000000000e+00 3.065115693261050277e-274
1.000000000000000000e+00 4.062481781922185886e-272
1.000000000000000000e+00 7.925808882511323609e-88
1.000000000000000000e+00 1.216518833836030086e-136
1.000000000000000000e+00 1.137473491807385966e-96
1.000000000000000000e+00 5.258990001391900798e-62
9.999999999798916406e-01 2.011164369412420757e-11
1.776893255915362096e-32 1.000000000000000000e+00
1.150188247089845565e-64 1.000000000000000000e+00
3.178955429027081124e-51 1.000000000000000000e+00
6.961438000084684041e-57 1.000000000000000000e+00
1.284196941287318672e-69 1.000000000000000000e+00
1.000000000000000000e+00 6.242868603449495585e-55
1.000000000000000000e+00 5.661051033244120913e-21
1.000000000000000000e+00 1.602894662281439138e-82
1.000000000000000000e+00 5.761987303787747918e-177
1.000000000000000000e+00 3.360280927158083310e-256
1.000000000000000000e+00 7.401990385083755751e-314
1.000000000000000000e+00 0.000000000000000000e+00
1.000000000000000000e+00 3.066942508911024701e-141
1.000000000000000000e+00 3.967873248251613836e-64
9.999999864093497282e-01 1.359065224681631407e-08
9.999999973344131377e-01 2.665582446862590550e-09
6.509106944927289935e-17 1.000000000000000000e+00
1.640998579653257993e-21 1.000000000000000000e+00
2.032433965114993988e-112 1.000000000000000000e+00
2.970626993049756988e-144 1.000000000000000000e+00
3.818414811741310426e-148 1.000000000000000000e+00
2.580333528873629660e-145 1.000000000000000000e+00
6.831344795556645346e-167 1.000000000000000000e+00
5.581035499859743330e-180 1.000000000000000000e+00
3.119548091230137889e-161 1.000000000000000000e+00
6.916426836223983331e-138 1.000000000000000000e+00
2.487756472836080760e-99 1.000000000000000000e+00
3.614773875166302127e-79 1.000000000000000000e+00
6.158297603085661822e-81 1.000000000000000000e+00
1.348575275969531013e-86 1.000000000000000000e+00
1.935409559908701281e-95 1.000000000000000000e+00
4.819301517673636514e-129 1.000000000000000000e+00
1.214984945296636589e-133 1.000000000000000000e+00
2.880968775037209761e-150 1.000000000000000000e+00
5.218398401533221486e-140 1.000000000000000000e+00
9.926118962557214779e-147 1.000000000000000000e+00
2.108067072749593811e-158 1.000000000000000000e+00
5.826395185851799144e-145 1.000000000000000000e+00
3.316735419470673296e-149 1.000000000000000000e+00
1.356543117535612662e-138 1.000000000000000000e+00
6.586250204928895006e-121 1.000000000000000000e+00
4.035932001286796290e-84 1.000000000000000000e+00
1.324162250990025072e-63 1.000000000000000000e+00
9.632270437764184196e-20 1.000000000000000000e+00
1.017491145515924702e-88 1.000000000000000000e+00
1.365371315388211135e-57 1.000000000000000000e+00
1.911601226677780039e-124 1.000000000000000000e+00
7.962584691180934381e-137 1.000000000000000000e+00
5.283391751789446253e-111 1.000000000000000000e+00
3.178955429027081124e-51 1.000000000000000000e+00
1.755034902195849962e-61 1.000000000000000000e+00
1.230117163274711965e-104 1.000000000000000000e+00
5.380799433307350825e-134 1.000000000000000000e+00
1.356543117535612662e-138 1.000000000000000000e+00
9.001032951112299014e-113 1.000000000000000000e+00
2.612470692025125008e-116 1.000000000000000000e+00
7.489191247762332054e-149 1.000000000000000000e+00
7.353615713878987939e-126 1.000000000000000000e+00
1.315600502100633193e-144 1.000000000000000000e+00
2.134322320256617634e-129 1.000000000000000000e+00
6.007717598761838798e-139 1.000000000000000000e+00
3.636131189101803572e-131 1.000000000000000000e+00
3.462549428547682816e-114 1.000000000000000000e+00
1.171393786205962551e-87 1.000000000000000000e+00
4.619103662534305487e-31 1.000000000000000000e+00
1.723263808900768134e-38 1.000000000000000000e+00
1.712121555004069749e-119 1.000000000000000000e+00
1.390544094635845354e-80 1.000000000000000000e+00
7.131671968535658545e-132 1.000000000000000000e+00
2.134322320256617634e-129 1.000000000000000000e+00
4.819301517673636514e-129 1.000000000000000000e+00
6.916426836223983331e-138 1.000000000000000000e+00
6.668279677094434395e-92 1.000000000000000000e+00
3.442211670830649514e-62 1.000000000000000000e+00
2.935832710514978589e-40 1.000000000000000000e+00
2.503946453138897987e-18 1.000000000000000000e+00
3.121407348703969485e-28 1.000000000000000000e+00
7.220494480443963746e-103 1.000000000000000000e+00
6.711675932592740445e-11 9.999999999328821332e-01
1.000000000000000000e+00 1.593479841218192463e-30
1.373438393670442708e-109 1.000000000000000000e+00
4.134626081583983196e-159 1.000000000000000000e+00
2.502454984505220900e-151 1.000000000000000000e+00
8.621983719459879004e-148 1.000000000000000000e+00
4.616352306477849302e-164 1.000000000000000000e+00
4.477023497274478604e-170 1.000000000000000000e+00
1.128693884161871987e-174 1.000000000000000000e+00
7.864633397755944594e-166 1.000000000000000000e+00
7.722261299564951985e-143 1.000000000000000000e+00
3.216631102088087416e-155 1.000000000000000000e+00
7.043942101825416271e-161 1.000000000000000000e+00
4.673847380497532438e-135 1.000000000000000000e+00
4.263299189685899061e-153 1.000000000000000000e+00
7.397063377491175472e-178 1.000000000000000000e+00
1.339855677701986842e-167 1.000000000000000000e+00
4.263299189685899061e-153 1.000000000000000000e+00
7.263155618509597987e-155 1.000000000000000000e+00
4.908152961860122797e-152 1.000000000000000000e+00
7.397063377491175472e-178 1.000000000000000000e+00
2.353678446726531530e-163 1.000000000000000000e+00
2.108067072749593811e-158 1.000000000000000000e+00
2.916850246374812844e-121 1.000000000000000000e+00
5.283391751789446253e-111 1.000000000000000000e+00
2.311070212880184873e-140 1.000000000000000000e+00
1.610332104729448942e-131 1.000000000000000000e+00
3.358044213900981549e-120 1.000000000000000000e+00
8.729367549643558620e-119 1.000000000000000000e+00
3.297254120279119770e-97 1.000000000000000000e+00
4.450727087340994679e-118 1.000000000000000000e+00
2.693773019522296435e-110 1.000000000000000000e+00
1.101751809440633940e-99 1.000000000000000000e+00
2.727323032360781498e-81 1.000000000000000000e+00
1.390544094635845354e-80 1.000000000000000000e+00
1.081806986986124473e-76 1.000000000000000000e+00
1.733445437801646135e-90 1.000000000000000000e+00
2.228153770409548487e-94 1.000000000000000000e+00
2.095685052429549420e-106 1.000000000000000000e+00
6.046815006673168943e-58 1.000000000000000000e+00
2.612470692025125008e-116 1.000000000000000000e+00
2.228153770409548487e-94 1.000000000000000000e+00
6.271835557449267277e-104 1.000000000000000000e+00
1.505698088010886195e-91 1.000000000000000000e+00
6.349949103743273494e-75 1.000000000000000000e+00
1.487175826590979525e-120 1.000000000000000000e+00
2.095685052429549420e-106 1.000000000000000000e+00
6.234997073366663026e-52 1.000000000000000000e+00
3.178955429027081124e-51 1.000000000000000000e+00
3.891131068050309733e-38 1.000000000000000000e+00
4.479691813056364660e-37 1.000000000000000000e+00
7.310423246069000570e-74 1.000000000000000000e+00
7.772516724365206004e-62 1.000000000000000000e+00
1.171393786205962551e-87 1.000000000000000000e+00
1.478440695939328479e-68 1.000000000000000000e+00
8.416175809206622462e-73 1.000000000000000000e+00
1.017491145515924702e-88 1.000000000000000000e+00
7.002568544330275631e-109 1.000000000000000000e+00
3.914121194306623600e-90 1.000000000000000000e+00
2.533622197275753881e-122 1.000000000000000000e+00
1.055355114849686038e-134 1.000000000000000000e+00
2.032433965114993988e-112 1.000000000000000000e+00
5.826395185851799144e-145 1.000000000000000000e+00
1.108261333987401260e-151 1.000000000000000000e+00
1.122064346236129659e-122 1.000000000000000000e+00
7.089783117667586051e-80 1.000000000000000000e+00
2.899717727447503397e-69 1.000000000000000000e+00
3.338320281854599062e-68 1.000000000000000000e+00
4.940094552869759822e-71 1.000000000000000000e+00
4.398596726938644214e-14 9.999999999999573674e-01
9.999999999996589395e-01 3.426313551972197598e-13
1.000000000000000000e+00 2.730766210448911706e-84
1.000000000000000000e+00 1.592530689449303427e-163
1.000000000000000000e+00 8.792029348015878511e-174
1.000000000000000000e+00 5.728143483160977851e-125
1.000000000000000000e+00 1.063564252831682693e-56
1.382376543679050335e-28 1.000000000000000000e+00
3.962870222292326688e-61 1.000000000000000000e+00
5.653913107341914437e-18 1.000000000000000000e+00
3.379897908292968382e-39 1.000000000000000000e+00
1.000000000000000000e+00 2.585130962294820913e-15
1.000000000000000000e+00 3.553817198399682597e-59
1.000000000000000000e+00 1.834504794144264634e-29
1.000000000000000000e+00 5.555259058956259880e-131
1.000000000000000000e+00 7.874562303530785591e-169
1.000000000000000000e+00 8.896228865964237160e-278
1.000000000000000000e+00 9.874389262552769738e-231
1.000000000000000000e+00 1.392299622273705826e-83
1.000000000000000000e+00 3.848116562009742484e-70
1.000000000000000000e+00 4.975555908702350058e-126
1.000000000000000000e+00 6.166072301981074512e-84
1.000000000000000000e+00 1.231670155865675333e-107
1.000000000000000000e+00 8.476589431223303745e-128
1.000000000000000000e+00 1.821557627592697338e-243
1.000000000000000000e+00 9.060244912608331457e-301
1.000000000000000000e+00 1.562769967499715844e-273
1.000000000000000000e+00 1.293415259723685056e-124
1.000000000000000000e+00 2.149643072204898660e-184
9.999531768211366023e-01 4.682317886335751072e-05
1.000000000000000000e+00 4.856788720401272979e-51
1.000000000000000000e+00 2.401528939265936323e-56
1.000000000000000000e+00 2.431439152992421994e-27
1.000000000000000000e+00 7.879255559854024772e-36
1.000000000000000000e+00 1.426346709951783503e-158
1.000000000000000000e+00 7.362899472429597498e-129
1.000000000000000000e+00 9.701413521109720529e-75
9.999999864093497282e-01 1.359065224681631407e-08
4.911078231746692954e-19 1.000000000000000000e+00
1.000000000000000000e+00 8.797269416708356654e-41
1.000000000000000000e+00 1.704213990164997703e-70
1.000000000000000000e+00 1.110321846672098573e-21
9.999999939811061722e-01 6.018887291129153452e-09
1.000000000000000000e+00 3.598078764525754611e-30
1.000000000000000000e+00 3.222611559029590131e-25
1.000000000000000000e+00 1.811937735286308960e-58
3.499742694455367231e-01 6.500257305544674402e-01
1.000000000000000000e+00 1.024794976481404785e-143
1.000000000000000000e+00 8.689050295477588133e-70
1.000000000000000000e+00 2.799211303116690554e-26
1.000000000000000000e+00 4.485347313524603462e-40
1.000000000000000000e+00 1.050480876233549545e-85
1.000000000000000000e+00 2.244148070287133008e-149
1.000000000000000000e+00 5.941305288191053105e-171
1.000000000000000000e+00 2.648347369978345383e-90
1.000000000000000000e+00 1.165983614077503012e-38
1.000000000000000000e+00 4.856788720401272979e-51
1.000000000000000000e+00 8.274252102183683573e-53
6.711675932592740445e-11 9.999999999328821332e-01
5.001621724782618820e-42 1.000000000000000000e+00
9.994612100933744081e-01 5.387899066310573599e-04
1.000000000000000000e+00 8.024522095479580936e-59
1.000000000000000000e+00 4.482675629068047278e-173
1.000000000000000000e+00 4.113078589798006718e-243
1.000000000000000000e+00 7.094505453319180270e-216
1.000000000000000000e+00 1.434774051610577649e-210
1.000000000000000000e+00 3.278116804819360868e-314
1.000000000000000000e+00 0.000000000000000000e+00
1.000000000000000000e+00 0.000000000000000000e+00
1.000000000000000000e+00 2.176416134429566583e-155
1.000000000000000000e+00 1.316476792257849877e-280
1.000000000000000000e+00 2.189275141449795180e-207
1.000000000000000000e+00 5.419424289838748749e-189
1.000000000000000000e+00 1.778076802186414428e-168
1.000000000000000000e+00 4.321846453974309550e-127
1.000000000000000000e+00 7.011409114477493096e-112
1.000000000000000000e+00 2.060345083523999704e-86
1.000000000000000000e+00 1.137473491807385966e-96
1.000000000000000000e+00 6.235108450516531388e-321
1.000000000000000000e+00 2.615768871862806112e-119
1.000000000000000000e+00 2.520418293849581750e-206
1.000000000000000000e+00 2.110728455456993658e-161
1.000000000000000000e+00 9.458561469967727863e-266
1.000000000000000000e+00 4.430171062611733838e-69
1.000000000000000000e+00 3.446557378198205695e-65
1.000000000000000000e+00 3.848116562009742484e-70
1.000000000000000000e+00 1.890469432073404822e-156
1.000000000000000000e+00 1.018168872130211935e-224
1.000000000000000000e+00 2.830699301924684220e-263
1.000000000000000000e+00 0.000000000000000000e+00
1.000000000000000000e+00 0.000000000000000000e+00
1.000000000000000000e+00 0.000000000000000000e+00
1.000000000000000000e+00 0.000000000000000000e+00
1.000000000000000000e+00 1.470735842312541077e-152
1.000000000000000000e+00 7.641447173127666278e-42
9.999531768211366023e-01 4.682317886335751072e-05
3.379897908292968382e-39 1.000000000000000000e+00
7.401472043418731031e-45 1.000000000000000000e+00
1.600873598832051863e-79 1.000000000000000000e+00
4.479691813056364660e-37 1.000000000000000000e+00
1.000000000000000000e+00 2.190579954215325201e-74
1.000000000000000000e+00 2.781112203671464588e-107
9.551244813763193342e-02 9.044875518623685107e-01
6.509106944927289935e-17 1.000000000000000000e+00
1.000000000000000000e+00 3.446557378198205695e-65
2.662214377600501529e-06 9.999973377856202772e-01
1.000000000000000000e+00 7.641447173127666278e-42
1.000000000000000000e+00 5.486921348117441802e-160
1.000000000000000000e+00 0.000000000000000000e+00
1.000000000000000000e+00 7.406401987639247255e-181
1.000000000000000000e+00 5.160711619551968603e-172
1.000000000000000000e+00 3.141941064418776672e-216
1.000000000000000000e+00 1.417124258284182241e-239
1.000000000000000000e+00 0.000000000000000000e+00
1.000000000000000000e+00 0.000000000000000000e+00
1.000000000000000000e+00 0.000000000000000000e+00
1.000000000000000000e+00 4.480005535976427656e-306
1.000000000000000000e+00 8.954124311793433633e-197
1.000000000000000000e+00 2.600404795578119836e-67
1.000000000000000000e+00 6.759854186704619980e-66
1.129366588180795012e-41 1.000000000000000000e+00
2.312447081034043826e-07 9.999997687552860670e-01
2.629472295482046414e-35 1.000000000000000000e+00
2.953178609047246248e-92 1.000000000000000000e+00
1.620811926747740091e-50 1.000000000000000000e+00
6.547564963402077395e-69 1.000000000000000000e+00
2.847224638945007846e-46 1.000000000000000000e+00
9.113137708592027196e-84 1.000000000000000000e+00
1.284196941287318672e-69 1.000000000000000000e+00
2.727323032360781498e-81 1.000000000000000000e+00
3.442211670830649514e-62 1.000000000000000000e+00
3.485083228646570985e-33 1.000000000000000000e+00
9.999999988194900880e-01 1.180505536001587668e-09
1.000000000000000000e+00 3.754024095896193289e-128
1.000000000000000000e+00 1.878246062508141689e-237
1.000000000000000000e+00 2.045804030789414217e-300
1.000000000000000000e+00 0.000000000000000000e+00
1.000000000000000000e+00 1.062930743787018240e-189
1.000000000000000000e+00 7.498646167075315238e-152
1.000000000000000000e+00 1.332873056144436652e-251
1.000000000000000000e+00 2.614210796518824368e-252
1.000000000000000000e+00 1.724411633871514543e-174
1.000000000000000000e+00 1.037558444067082418e-114
1.000000000000000000e+00 2.476266578587887075e-50
8.895605807475064890e-09 9.999999911043957468e-01
1.150188247089845565e-64 1.000000000000000000e+00
7.676903541472752974e-91 1.000000000000000000e+00
2.095685052429549420e-106 1.000000000000000000e+00
2.916850246374812844e-121 1.000000000000000000e+00
2.457153474726751900e-128 1.000000000000000000e+00
5.720920961492363461e-122 1.000000000000000000e+00
1.765404245526415500e-113 1.000000000000000000e+00
8.210387152766989615e-131 1.000000000000000000e+00
1.600873598832051863e-79 1.000000000000000000e+00
1.000000000000000000e+00 8.959460989430304139e-64
1.000000000000000000e+00 1.779136539843714659e-35
5.653913107341914437e-18 1.000000000000000000e+00
5.157276480542536269e-36 1.000000000000000000e+00
1.552556703282854971e-85 1.000000000000000000e+00
2.677950775204708497e-58 1.000000000000000000e+00
2.473144294885843400e-47 1.000000000000000000e+00
9.113137708592027196e-84 1.000000000000000000e+00
1.460253739813089063e-97 1.000000000000000000e+00
3.773690582108772600e-44 1.000000000000000000e+00
7.329824423000275146e-01 2.670175576999700429e-01
1.000000000000000000e+00 2.150924264170574415e-51
1.000000000000000000e+00 2.137016849566702426e-132
1.000000000000000000e+00 1.789648283849780771e-87
1.000000000000000000e+00 8.735181973429360346e-255
1.000000000000000000e+00 0.000000000000000000e+00
1.000000000000000000e+00 2.504121810160350981e-287
1.000000000000000000e+00 9.752920011357890007e-260
1.000000000000000000e+00 1.158444614303103627e-119
1.000000000000000000e+00 5.765421460804506728e-44
8.610797569116879213e-01 1.389202430883084982e-01
9.396746366401717067e-78 1.000000000000000000e+00
3.139849685339420596e-80 1.000000000000000000e+00
4.238258118708871802e-101 1.000000000000000000e+00
4.370156344645550000e-95 1.000000000000000000e+00
2.398500891023240403e-53 1.000000000000000000e+00
9.999999973344131377e-01 2.665582446862590550e-09
1.000000000000000000e+00 1.254377942815450355e-130
1.000000000000000000e+00 1.662543293726875355e-128
1.000000000000000000e+00 5.130399473911365328e-120
1.000000000000000000e+00 1.845343672635085262e-81
1.300191170777621326e-40 1.000000000000000000e+00
5.093834530295034937e-65 1.000000000000000000e+00
7.089783117667586051e-80 1.000000000000000000e+00
4.238258118708871802e-101 1.000000000000000000e+00
1.733445437801646135e-90 1.000000000000000000e+00
7.631812198380790621e-39 1.000000000000000000e+00
1.865971048461091074e-49 1.000000000000000000e+00
2.045660768550652046e-31 1.000000000000000000e+00
1.959514417710242945e-66 1.000000000000000000e+00
3.007625126535062922e-115 1.000000000000000000e+00
8.312644689830656408e-102 1.000000000000000000e+00
2.057747228381411011e-83 1.000000000000000000e+00
1.156983950590632680e-116 1.000000000000000000e+00
2.032433965114993988e-112 1.000000000000000000e+00
9.281152812762199876e-107 1.000000000000000000e+00
4.646394898561951140e-83 1.000000000000000000e+00
3.505674286112051474e-85 1.000000000000000000e+00
9.569990244641756306e-101 1.000000000000000000e+00
1.142751376767969070e-145 1.000000000000000000e+00
3.749290708810729451e-125 1.000000000000000000e+00
4.045762611130000394e-03 9.959542373888765621e-01
6.011262076082142307e-06 9.999939887379184489e-01
1.000000000000000000e+00 1.683249696397346381e-99
1.000000000000000000e+00 3.489483060298882494e-36
4.045762611130000394e-03 9.959542373888765621e-01
5.792173056719195576e-93 1.000000000000000000e+00
1.681127314609659742e-96 1.000000000000000000e+00
4.110340789707010935e-107 1.000000000000000000e+00
6.387466763537929627e-127 1.000000000000000000e+00
5.617356118779577631e-99 1.000000000000000000e+00
8.465901439380767405e-125 1.000000000000000000e+00
4.969282312288185094e-123 1.000000000000000000e+00
3.914121194306623600e-90 1.000000000000000000e+00
5.972430447636135457e-87 1.000000000000000000e+00
3.681417947560278452e-102 1.000000000000000000e+00
1.416180973873094132e-103 1.000000000000000000e+00
2.953178609047246248e-92 1.000000000000000000e+00
3.962870222292326688e-61 1.000000000000000000e+00
5.829867730070393777e-12 9.999999999941735496e-01
4.137090327756464496e-26 1.000000000000000000e+00
8.014404107886388423e-56 1.000000000000000000e+00
6.751330798018345070e-63 1.000000000000000000e+00
1.390544094635845354e-80 1.000000000000000000e+00
5.317775345733289124e-30 1.000000000000000000e+00
7.401472043418731031e-45 1.000000000000000000e+00
7.401472043418731031e-45 1.000000000000000000e+00
1.744726461579308833e-09 9.999999982552765232e-01
1.000000000000000000e+00 3.301416822312997022e-100
1.000000000000000000e+00 1.822643279915292945e-110
1.000000000000000000e+00 2.313987882048245079e-143
1.000000000000000000e+00 3.424272677982029248e-146
1.000000000000000000e+00 1.375172325782547753e-112
1.000000000000000000e+00 1.201553894953002976e-165
1.000000000000000000e+00 3.464855750245088097e-250
1.000000000000000000e+00 8.577050484936567855e-232
1.000000000000000000e+00 1.866100766311763435e-318
1.000000000000000000e+00 0.000000000000000000e+00
1.000000000000000000e+00 0.000000000000000000e+00
1.000000000000000000e+00 1.766580139241323184e-249
1.000000000000000000e+00 1.936698690114766289e-231
1.000000000000000000e+00 8.215855896080343430e-267
1.000000000000000000e+00 0.000000000000000000e+00
1.000000000000000000e+00 0.000000000000000000e+00
1.000000000000000000e+00 0.000000000000000000e+00
1.000000000000000000e+00 0.000000000000000000e+00
1.000000000000000000e+00 1.399691582912887947e-268
1.000000000000000000e+00 2.991950969691451233e-199
1.000000000000000000e+00 7.052834905062340451e-164
1.062223222201518558e-53 1.000000000000000000e+00
1.000000000000000000e+00 3.322901993355973428e-19
1.000000000000000000e+00 6.129855032841525227e-32
1.000000000000000000e+00 1.937852966761928654e-98
1.000000000000000000e+00 6.357965757939016426e-78
1.000000000000000000e+00 1.358255719776888021e-141
1.000000000000000000e+00 9.012396533298960801e-116
1.000000000000000000e+00 1.089572494728404608e-131
1.000000000000000000e+00 8.632868761340696561e-151
1.000000000000000000e+00 1.116216738300396711e-206
1.000000000000000000e+00 0.000000000000000000e+00
1.000000000000000000e+00 1.340748123652090987e-303
1.000000000000000000e+00 7.319652475180505828e-77
1.000000000000000000e+00 2.149643072204898660e-184
1.000000000000000000e+00 3.047112316953909660e-222
1.000000000000000000e+00 2.849121107451779657e-182
1.000000000000000000e+00 0.000000000000000000e+00
1.000000000000000000e+00 0.000000000000000000e+00
1.000000000000000000e+00 0.000000000000000000e+00
1.000000000000000000e+00 0.000000000000000000e+00
1.000000000000000000e+00 9.347775477346182342e-162
1.000000000000000000e+00 1.878246062508141689e-237
1.000000000000000000e+00 1.832320009816755589e-295
1.000000000000000000e+00 0.000000000000000000e+00
1.000000000000000000e+00 3.258862337528544504e-262
1.000000000000000000e+00 4.738032643050128763e-109
9.391149220958540715e-211 1.000000000000000000e+00
2.269233308524019067e-117 1.000000000000000000e+00
1.000000000000000000e+00 0.000000000000000000e+00
1.000000000000000000e+00 0.000000000000000000e+00
1.000000000000000000e+00 3.380134610171824732e-308
1.000000000000000000e+00 1.317261415299932087e-147
1.000000000000000000e+00 4.139845945071929127e-162
1.000000000000000000e+00 2.489413508160451351e-235
1.000000000000000000e+00 5.100265370804635212e-68
9.999992022617389953e-01 7.977382603394350960e-07
2.106811408549207291e-291 1.000000000000000000e+00
